year month day temp_2 temp_1 average friend week_Fri week_Mon week_Sat week_Sun week_Thurs week_Tues week_Wed 
0.0 -1.5678393027156026 -1.656821712963541 -1.4845238797993818 -1.4944354927074786 -1.3470703046241475 -1.9889166837213617 2.4413111231467406 -0.40482045237636805 -0.4096159602595202 -0.40482045237636805 -0.40482045237636805 -0.41913682214245473 -0.40482045237636805 
0.0 -1.5678393027156026 -1.5426712563982445 -1.5692981348322312 -1.4944354927074786 -1.3375575209635777 0.06187740793799787 -0.4096159602595202 -0.40482045237636805 2.4413111231467406 -0.40482045237636805 -0.40482045237636805 -0.41913682214245473 -0.40482045237636805 
0.0 -1.5678393027156026 -1.428520799832948 -1.4845238797993818 -1.5795383484532164 -1.3280447373030089 -0.25855916888377706 -0.4096159602595202 -0.40482045237636805 -0.4096159602595202 2.4702309236843685 -0.40482045237636805 -0.41913682214245473 -0.40482045237636805 
0.0 -1.5678393027156026 -1.3143703432676517 -1.5692981348322312 -1.8348469156904292 -1.3185319536424394 -0.450821114976842 -0.4096159602595202 2.4702309236843685 -0.4096159602595202 -0.40482045237636805 -0.40482045237636805 -0.41913682214245473 -0.40482045237636805 
0.0 -1.5678393027156026 -1.2002198867023552 -1.8236208999307797 -1.9199497714361669 -1.3090191699818696 -1.2198688993491018 -0.4096159602595202 -0.40482045237636805 -0.4096159602595202 -0.40482045237636805 -0.40482045237636805 2.385855756810896 -0.40482045237636805 
0.0 -1.5678393027156026 -1.0860694301370588 -1.9083951549636293 -1.5795383484532164 -1.2995063863213 -1.283956214713457 -0.4096159602595202 -0.40482045237636805 -0.4096159602595202 -0.40482045237636805 -0.40482045237636805 -0.41913682214245473 2.4702309236843685 
0.0 -1.5678393027156026 -0.9719189735717624 -1.5692981348322312 -0.983818358233053 -1.2899936026607304 -1.4121308454421668 -0.4096159602595202 -0.40482045237636805 -0.4096159602595202 -0.40482045237636805 2.4702309236843685 -0.41913682214245473 -0.40482045237636805 
0.0 -1.5678393027156026 -0.857768517006466 -0.9758783496022847 -1.4944354927074786 -1.2804808190001615 -1.6684801068995867 2.4413111231467406 -0.40482045237636805 -0.4096159602595202 -0.40482045237636805 -0.40482045237636805 -0.41913682214245473 -0.40482045237636805 
0.0 -1.5678393027156026 -0.7436180604411695 -1.4845238797993818 -1.2391269254702657 -1.2709680353395918 -0.8353450071629719 -0.4096159602595202 -0.40482045237636805 2.4413111231467406 -0.40482045237636805 -0.40482045237636805 -0.41913682214245473 -0.40482045237636805 
0.0 -1.5678393027156026 -0.6294676038758731 -1.2302011147008332 -1.0689212139787905 -1.2614552516790223 -0.707170376434262 -0.4096159602595202 -0.40482045237636805 -0.4096159602595202 2.4702309236843685 -0.40482045237636805 -0.41913682214245473 -0.40482045237636805 
0.0 -1.5678393027156026 -0.5153171473105767 -1.060652604635134 -0.8987155024873154 -1.242429684357883 -1.3480435300778117 -0.4096159602595202 2.4702309236843685 -0.4096159602595202 -0.40482045237636805 -0.40482045237636805 -0.41913682214245473 -0.40482045237636805 
0.0 -1.5678393027156026 -0.40116669074528016 -0.8911040945694352 -1.4944354927074786 -1.2329169006973142 0.06187740793799787 -0.4096159602595202 -0.40482045237636805 -0.4096159602595202 -0.40482045237636805 -0.40482045237636805 2.385855756810896 -0.40482045237636805 
0.0 -1.5678393027156026 -0.28701623417998373 -1.4845238797993818 -1.154024069724528 -1.2234041170367445 -1.7325674222639418 -0.4096159602595202 -0.40482045237636805 -0.4096159602595202 -0.40482045237636805 -0.40482045237636805 -0.41913682214245473 2.4702309236843685 
0.0 -1.5678393027156026 -0.1728657776146873 -1.1454268596679837 -0.6434069352501025 -1.213891333376175 -0.1303845381550671 -0.4096159602595202 -0.40482045237636805 -0.4096159602595202 -0.40482045237636805 2.4702309236843685 -0.41913682214245473 -0.40482045237636805 
0.0 -1.5678393027156026 -0.05871532104939088 -0.6367813294708866 -1.154024069724528 -1.2043785497156052 0.3182266693954178 2.4413111231467406 -0.40482045237636805 -0.4096159602595202 -0.40482045237636805 -0.40482045237636805 -0.41913682214245473 -0.40482045237636805 
0.0 -1.5678393027156026 0.05543513551590555 -1.1454268596679837 -1.2391269254702657 -1.1853529823944666 -2.0530039990857167 -0.4096159602595202 -0.40482045237636805 2.4413111231467406 -0.40482045237636805 -0.40482045237636805 -0.41913682214245473 -0.40482045237636805 
0.0 -1.5678393027156026 0.16958559208120197 -1.2302011147008332 -0.7285097909958401 -1.1758401987338971 -0.8353450071629719 -0.4096159602595202 -0.40482045237636805 -0.4096159602595202 2.4702309236843685 -0.40482045237636805 -0.41913682214245473 -0.40482045237636805 
0.0 -1.5678393027156026 0.28373604864649843 -0.7215555845037361 -1.0689212139787905 -1.1663274150733276 -0.1303845381550671 -0.4096159602595202 2.4702309236843685 -0.4096159602595202 -0.40482045237636805 -0.40482045237636805 -0.41913682214245473 -0.40482045237636805 
0.0 -1.5678393027156026 0.39788650521179486 -1.060652604635134 -0.7285097909958401 -1.1568146314127579 -0.450821114976842 -0.4096159602595202 -0.40482045237636805 -0.4096159602595202 -0.40482045237636805 -0.40482045237636805 2.385855756810896 -0.40482045237636805 
0.0 -1.5678393027156026 0.5120369617770912 -0.7215555845037361 -1.2391269254702657 -1.1473018477521884 0.06187740793799787 -0.4096159602595202 -0.40482045237636805 -0.4096159602595202 -0.40482045237636805 -0.40482045237636805 -0.41913682214245473 2.4702309236843685 
0.0 -1.5678393027156026 0.6261874183423877 -1.2302011147008332 -0.8987155024873154 -1.1377890640916193 -0.19447185351942206 -0.4096159602595202 -0.40482045237636805 -0.4096159602595202 -0.40482045237636805 2.4702309236843685 -0.41913682214245473 -0.40482045237636805 
0.0 -1.5678393027156026 0.7403378749076841 -0.8911040945694352 -0.8987155024873154 -1.1282762804310498 -0.0022099074263571155 2.4413111231467406 -0.40482045237636805 -0.4096159602595202 -0.40482045237636805 -0.40482045237636805 -0.41913682214245473 -0.40482045237636805 
0.0 -1.5678393027156026 0.8544883314729805 -0.8911040945694352 -0.4732012237586272 -1.11876349677048 -1.4762181608065217 -0.4096159602595202 -0.40482045237636805 2.4413111231467406 -0.40482045237636805 -0.40482045237636805 -0.41913682214245473 -0.40482045237636805 
0.0 -1.5678393027156026 0.968638788038277 -0.4672328194051876 -1.2391269254702657 -1.1092507131099105 -0.386733799612487 -0.4096159602595202 -0.40482045237636805 -0.4096159602595202 2.4702309236843685 -0.40482045237636805 -0.41913682214245473 -0.40482045237636805 
0.0 -1.5678393027156026 1.0827892446035734 -1.2302011147008332 -0.983818358233053 -1.099737929449341 0.19005203866670783 -0.4096159602595202 2.4702309236843685 -0.4096159602595202 -0.40482045237636805 -0.40482045237636805 -0.41913682214245473 -0.40482045237636805 
0.0 -1.5678393027156026 1.1969397011688698 -0.9758783496022847 -0.7285097909958401 -1.090225145788772 0.06187740793799787 -0.4096159602595202 -0.40482045237636805 -0.4096159602595202 -0.40482045237636805 -0.40482045237636805 2.385855756810896 -0.40482045237636805 
0.0 -1.5678393027156026 1.3110901577341663 -0.7215555845037361 -0.5583040795043649 -1.0807123621282024 -0.386733799612487 -0.4096159602595202 -0.40482045237636805 -0.4096159602595202 -0.40482045237636805 -0.40482045237636805 -0.41913682214245473 2.4702309236843685 
0.0 -1.5678393027156026 1.4252406142994627 -0.5520070744380371 -0.4732012237586272 -1.0807123621282024 -1.6684801068995867 -0.4096159602595202 -0.40482045237636805 -0.4096159602595202 -0.40482045237636805 2.4702309236843685 -0.41913682214245473 -0.40482045237636805 
0.0 -1.5678393027156026 1.5393910708647591 -0.4672328194051876 -0.5583040795043649 -1.0711995784676327 -0.707170376434262 2.4413111231467406 -0.40482045237636805 -0.4096159602595202 -0.40482045237636805 -0.40482045237636805 -0.41913682214245473 -0.40482045237636805 
0.0 -1.5678393027156026 1.6535415274300556 -0.5520070744380371 -0.8987155024873154 -1.0616867948070632 -0.8353450071629719 -0.4096159602595202 -0.40482045237636805 2.4413111231467406 -0.40482045237636805 -0.40482045237636805 -0.41913682214245473 -0.40482045237636805 
0.0 -1.5678393027156026 1.767691983995352 -0.8911040945694352 -1.2391269254702657 -1.0521740111464934 0.06187740793799787 -0.4096159602595202 -0.40482045237636805 -0.4096159602595202 2.4702309236843685 -0.40482045237636805 -0.41913682214245473 -0.40482045237636805 
0.0 -1.281581129921778 -1.656821712963541 -1.2302011147008332 -1.3242297812160033 -1.0426612274859246 -0.578995745705552 -0.4096159602595202 2.4702309236843685 -0.4096159602595202 -0.40482045237636805 -0.40482045237636805 -0.41913682214245473 -0.40482045237636805 
0.0 -1.281581129921778 -1.5426712563982445 -1.3149753697336828 -1.409332636961741 -1.0426612274859246 -0.25855916888377706 -0.4096159602595202 -0.40482045237636805 -0.4096159602595202 -0.40482045237636805 -0.40482045237636805 2.385855756810896 -0.40482045237636805 
0.0 -1.281581129921778 -1.428520799832948 -1.3997496247665322 -0.983818358233053 -1.033148443825355 -1.283956214713457 -0.4096159602595202 -0.40482045237636805 -0.4096159602595202 -0.40482045237636805 -0.40482045237636805 -0.41913682214245473 2.4702309236843685 
0.0 -1.281581129921778 -1.3143703432676517 -0.9758783496022847 -1.154024069724528 -1.0236356601647854 -1.0276069532560368 -0.4096159602595202 -0.40482045237636805 -0.4096159602595202 -0.40482045237636805 2.4702309236843685 -0.41913682214245473 -0.40482045237636805 
0.0 -1.281581129921778 -1.2002198867023552 -1.1454268596679837 -1.154024069724528 -1.0141228765042158 -0.9635196378916818 2.4413111231467406 -0.40482045237636805 -0.4096159602595202 -0.40482045237636805 -0.40482045237636805 -0.41913682214245473 -0.40482045237636805 
0.0 -1.281581129921778 -1.0860694301370588 -1.1454268596679837 -0.8136126467415777 -1.0141228765042158 -0.25855916888377706 -0.4096159602595202 -0.40482045237636805 2.4413111231467406 -0.40482045237636805 -0.40482045237636805 -0.41913682214245473 -0.40482045237636805 
0.0 -1.281581129921778 -0.9719189735717624 -0.8063298395365857 -1.154024069724528 -1.004610092843646 0.19005203866670783 -0.4096159602595202 -0.40482045237636805 -0.4096159602595202 2.4702309236843685 -0.40482045237636805 -0.41913682214245473 -0.40482045237636805 
0.0 -1.281581129921778 -0.857768517006466 -1.1454268596679837 -0.983818358233053 -0.9950973091830773 -1.6684801068995867 -0.4096159602595202 2.4702309236843685 -0.4096159602595202 -0.40482045237636805 -0.40482045237636805 -0.41913682214245473 -0.40482045237636805 
0.0 -1.281581129921778 -0.7436180604411695 -0.9758783496022847 -0.4732012237586272 -0.9855845255225076 -0.19447185351942206 -0.4096159602595202 -0.40482045237636805 -0.4096159602595202 -0.40482045237636805 -0.40482045237636805 2.385855756810896 -0.40482045237636805 
0.0 -1.281581129921778 -0.6294676038758731 -0.4672328194051876 -0.04768694502993914 -0.9855845255225076 -1.9248293683570066 -0.4096159602595202 -0.40482045237636805 -0.4096159602595202 -0.40482045237636805 -0.40482045237636805 -0.41913682214245473 2.4702309236843685 
0.0 -1.281581129921778 -0.5153171473105767 -0.04336154424094008 -0.5583040795043649 -0.976071741861938 -1.4762181608065217 -0.4096159602595202 -0.40482045237636805 -0.4096159602595202 -0.40482045237636805 2.4702309236843685 -0.41913682214245473 -0.40482045237636805 
0.0 -1.281581129921778 -0.40116669074528016 -0.5520070744380371 -0.6434069352501025 -0.9665589582013684 -1.7325674222639418 2.4413111231467406 -0.40482045237636805 -0.4096159602595202 -0.40482045237636805 -0.40482045237636805 -0.41913682214245473 -0.40482045237636805 
0.0 -1.281581129921778 -0.05871532104939088 -0.6367813294708866 -0.3880983680128896 -0.9380206072196602 -0.450821114976842 -0.4096159602595202 2.4702309236843685 -0.4096159602595202 -0.40482045237636805 -0.40482045237636805 -0.41913682214245473 -0.40482045237636805 
0.0 -1.281581129921778 0.05543513551590555 -0.3824585643723381 -0.6434069352501025 -0.9380206072196602 -0.322646484248132 -0.4096159602595202 -0.40482045237636805 -0.4096159602595202 -0.40482045237636805 -0.40482045237636805 2.385855756810896 -0.40482045237636805 
0.0 -1.281581129921778 0.16958559208120197 -0.6367813294708866 -0.5583040795043649 -0.9285078235590906 -0.8994323225273269 -0.4096159602595202 -0.40482045237636805 -0.4096159602595202 -0.40482045237636805 -0.40482045237636805 -0.41913682214245473 2.4702309236843685 
0.0 -1.281581129921778 0.28373604864649843 -0.5520070744380371 -0.4732012237586272 -0.918995039898521 -1.6684801068995867 -0.4096159602595202 -0.40482045237636805 -0.4096159602595202 -0.40482045237636805 2.4702309236843685 -0.41913682214245473 -0.40482045237636805 
0.0 -1.281581129921778 0.39788650521179486 -0.4672328194051876 -0.8136126467415777 -0.9094822562379514 -1.1557815839847467 2.4413111231467406 -0.40482045237636805 -0.4096159602595202 -0.40482045237636805 -0.40482045237636805 -0.41913682214245473 -0.40482045237636805 
0.0 -1.281581129921778 0.5120369617770912 -0.8063298395365857 -0.983818358233053 -0.8904566889168128 -1.0916942686203919 -0.4096159602595202 -0.40482045237636805 2.4413111231467406 -0.40482045237636805 -0.40482045237636805 -0.41913682214245473 -0.40482045237636805 
0.0 -1.281581129921778 0.6261874183423877 -0.9758783496022847 -0.8136126467415777 -0.8809439052562432 -0.8994323225273269 -0.4096159602595202 -0.40482045237636805 -0.4096159602595202 2.4702309236843685 -0.40482045237636805 -0.41913682214245473 -0.40482045237636805 
0.0 -1.281581129921778 0.7403378749076841 -0.8063298395365857 -0.983818358233053 -0.8714311215956736 -0.0662972227907121 -0.4096159602595202 2.4702309236843685 -0.4096159602595202 -0.40482045237636805 -0.40482045237636805 -0.41913682214245473 -0.40482045237636805 
0.0 -1.281581129921778 0.8544883314729805 -0.9758783496022847 -0.983818358233053 -0.861918337935104 -1.0916942686203919 -0.4096159602595202 -0.40482045237636805 -0.4096159602595202 -0.40482045237636805 -0.40482045237636805 2.385855756810896 -0.40482045237636805 
0.0 -1.281581129921778 0.968638788038277 -0.9758783496022847 -0.21789265652141437 -0.8524055542745351 -0.8994323225273269 -0.4096159602595202 -0.40482045237636805 -0.4096159602595202 -0.40482045237636805 -0.40482045237636805 -0.41913682214245473 2.4702309236843685 
0.0 -1.281581129921778 1.0827892446035734 -0.2129100543066391 -0.302995512267152 -0.8428927706139655 -1.6043927915352316 -0.4096159602595202 -0.40482045237636805 -0.4096159602595202 -0.40482045237636805 2.4702309236843685 -0.41913682214245473 -0.40482045237636805 
0.0 -1.281581129921778 1.1969397011688698 -0.2976843093394886 -0.13278980077567676 -0.8238672032928263 0.3182266693954178 2.4413111231467406 -0.40482045237636805 -0.4096159602595202 -0.40482045237636805 -0.40482045237636805 -0.41913682214245473 -0.40482045237636805 
0.0 -1.281581129921778 1.3110901577341663 -0.1281357992737896 -0.21789265652141437 -0.8143544196322566 0.06187740793799787 -0.4096159602595202 -0.40482045237636805 2.4413111231467406 -0.40482045237636805 -0.40482045237636805 -0.41913682214245473 -0.40482045237636805 
0.0 -1.281581129921778 1.4252406142994627 -0.2129100543066391 -0.4732012237586272 -0.8048416359716877 0.3823139847597728 -0.4096159602595202 -0.40482045237636805 -0.4096159602595202 2.4702309236843685 -0.40482045237636805 -0.41913682214245473 -0.40482045237636805 
0.0 -0.9953229571279534 -1.656821712963541 -0.8063298395365857 -0.7285097909958401 -0.7858160686505485 -0.450821114976842 -0.4096159602595202 -0.40482045237636805 -0.4096159602595202 -0.40482045237636805 -0.40482045237636805 2.385855756810896 -0.40482045237636805 
0.0 -0.9953229571279534 -1.5426712563982445 -0.7215555845037361 -0.3880983680128896 -0.7763032849899789 -1.4762181608065217 -0.4096159602595202 -0.40482045237636805 -0.4096159602595202 -0.40482045237636805 -0.40482045237636805 -0.41913682214245473 2.4702309236843685 
0.0 -0.9953229571279534 -1.428520799832948 -0.3824585643723381 -0.6434069352501025 -0.7572777176688403 0.7027505615815477 -0.4096159602595202 -0.40482045237636805 -0.4096159602595202 -0.40482045237636805 2.4702309236843685 -0.41913682214245473 -0.40482045237636805 
0.0 -0.9953229571279534 -1.3143703432676517 -0.6367813294708866 -0.302995512267152 -0.7477649340082707 -0.9635196378916818 2.4413111231467406 -0.40482045237636805 -0.4096159602595202 -0.40482045237636805 -0.40482045237636805 -0.41913682214245473 -0.40482045237636805 
0.0 -0.9953229571279534 -1.2002198867023552 -0.2976843093394886 -0.4732012237586272 -0.7287393666871315 -0.8994323225273269 -0.4096159602595202 -0.40482045237636805 2.4413111231467406 -0.40482045237636805 -0.40482045237636805 -0.41913682214245473 -0.40482045237636805 
0.0 -0.9953229571279534 -1.0860694301370588 -0.4672328194051876 0.1225187664615361 -0.7192265830265618 -0.707170376434262 -0.4096159602595202 -0.40482045237636805 -0.4096159602595202 2.4702309236843685 -0.40482045237636805 -0.41913682214245473 -0.40482045237636805 
0.0 -0.9953229571279534 -0.9719189735717624 0.12618696582475894 -0.21789265652141437 -0.7002010157054234 0.7027505615815477 -0.4096159602595202 2.4702309236843685 -0.4096159602595202 -0.40482045237636805 -0.40482045237636805 -0.41913682214245473 -0.40482045237636805 
0.0 -0.9953229571279534 -0.857768517006466 -0.2129100543066391 -0.8136126467415777 -0.6906882320448537 0.6386632462171927 -0.4096159602595202 -0.40482045237636805 -0.4096159602595202 -0.40482045237636805 -0.40482045237636805 2.385855756810896 -0.40482045237636805 
0.0 -0.9953229571279534 -0.7436180604411695 -0.8063298395365857 -0.7285097909958401 -0.6716626647237145 -0.19447185351942206 -0.4096159602595202 -0.40482045237636805 -0.4096159602595202 -0.40482045237636805 -0.40482045237636805 -0.41913682214245473 2.4702309236843685 
0.0 -0.9953229571279534 -0.6294676038758731 -0.7215555845037361 -0.6434069352501025 -0.6621498810631455 -0.643083061069907 -0.4096159602595202 -0.40482045237636805 -0.4096159602595202 -0.40482045237636805 2.4702309236843685 -0.41913682214245473 -0.40482045237636805 
0.0 -0.9953229571279534 -0.5153171473105767 -0.6367813294708866 -0.5583040795043649 -0.6431243137420064 -1.5403054761708768 2.4413111231467406 -0.40482045237636805 -0.4096159602595202 -0.40482045237636805 -0.40482045237636805 -0.41913682214245473 -0.40482045237636805 
0.0 -0.9953229571279534 -0.40116669074528016 -0.5520070744380371 -0.6434069352501025 -0.6336115300814368 0.3182266693954178 -0.4096159602595202 -0.40482045237636805 2.4413111231467406 -0.40482045237636805 -0.40482045237636805 -0.41913682214245473 -0.40482045237636805 
0.0 -0.9953229571279534 -0.28701623417998373 -0.6367813294708866 -0.8987155024873154 -0.6145859627602982 -0.386733799612487 -0.4096159602595202 -0.40482045237636805 -0.4096159602595202 2.4702309236843685 -0.40482045237636805 -0.41913682214245473 -0.40482045237636805 
0.0 -0.9953229571279534 -0.1728657776146873 -0.8911040945694352 -0.7285097909958401 -0.6050731790997286 -1.0276069532560368 -0.4096159602595202 2.4702309236843685 -0.4096159602595202 -0.40482045237636805 -0.40482045237636805 -0.41913682214245473 -0.40482045237636805 
0.0 -0.9953229571279534 -0.05871532104939088 -0.7215555845037361 -1.154024069724528 -0.5860476117785893 0.6386632462171927 -0.4096159602595202 -0.40482045237636805 -0.4096159602595202 -0.40482045237636805 -0.40482045237636805 2.385855756810896 -0.40482045237636805 
0.0 -0.9953229571279534 0.05543513551590555 -1.1454268596679837 -0.983818358233053 -0.5765348281180197 0.3182266693954178 -0.4096159602595202 -0.40482045237636805 -0.4096159602595202 -0.40482045237636805 -0.40482045237636805 -0.41913682214245473 2.4702309236843685 
0.0 -0.9953229571279534 0.16958559208120197 -0.9758783496022847 -0.8136126467415777 -0.5575092607968812 0.12596472330235287 -0.4096159602595202 -0.40482045237636805 -0.4096159602595202 -0.40482045237636805 2.4702309236843685 -0.41913682214245473 -0.40482045237636805 
0.0 -0.9953229571279534 0.28373604864649843 -0.8063298395365857 -0.3880983680128896 -0.5479964771363116 -0.25855916888377706 2.4413111231467406 -0.40482045237636805 -0.4096159602595202 -0.40482045237636805 -0.40482045237636805 -0.41913682214245473 -0.40482045237636805 
0.0 -0.9953229571279534 0.39788650521179486 -0.3824585643723381 0.03741591071579848 -0.5289709098151724 0.12596472330235287 -0.4096159602595202 -0.40482045237636805 2.4413111231467406 -0.40482045237636805 -0.40482045237636805 -0.41913682214245473 -0.40482045237636805 
0.0 -0.9953229571279534 0.5120369617770912 0.041412710791909425 -0.13278980077567676 -0.5194581261546034 -0.643083061069907 -0.4096159602595202 -0.40482045237636805 -0.4096159602595202 2.4702309236843685 -0.40482045237636805 -0.41913682214245473 -0.40482045237636805 
0.0 -0.9953229571279534 0.6261874183423877 -0.1281357992737896 -0.6434069352501025 -0.5004325588334643 -0.5149084303411969 -0.4096159602595202 2.4702309236843685 -0.4096159602595202 -0.40482045237636805 -0.40482045237636805 -0.41913682214245473 -0.40482045237636805 
0.0 -0.9953229571279534 0.7403378749076841 -0.6367813294708866 -0.5583040795043649 -0.4909197751728946 0.2541393540310628 -0.4096159602595202 -0.40482045237636805 -0.4096159602595202 -0.40482045237636805 -0.40482045237636805 2.385855756810896 -0.40482045237636805 
0.0 -0.9953229571279534 0.8544883314729805 -0.5520070744380371 -0.4732012237586272 -0.481406991512325 0.6386632462171927 -0.4096159602595202 -0.40482045237636805 -0.4096159602595202 -0.40482045237636805 -0.40482045237636805 -0.41913682214245473 2.4702309236843685 
0.0 -0.9953229571279534 0.968638788038277 -0.4672328194051876 -0.8136126467415777 -0.46238142419118644 0.7668378769459027 -0.4096159602595202 -0.40482045237636805 -0.4096159602595202 -0.40482045237636805 2.4702309236843685 -0.41913682214245473 -0.40482045237636805 
0.0 -0.9953229571279534 1.0827892446035734 -0.8063298395365857 -0.7285097909958401 -0.4528686405306168 -1.1557815839847467 2.4413111231467406 -0.40482045237636805 -0.4096159602595202 -0.40482045237636805 -0.40482045237636805 -0.41913682214245473 -0.40482045237636805 
0.0 -0.9953229571279534 1.1969397011688698 -0.7215555845037361 -0.4732012237586272 -0.4338430732094776 -0.386733799612487 -0.4096159602595202 -0.40482045237636805 2.4413111231467406 -0.40482045237636805 -0.40482045237636805 -0.41913682214245473 -0.40482045237636805 
0.0 -0.9953229571279534 1.3110901577341663 -0.4672328194051876 -0.302995512267152 -0.42433028954890867 -1.3480435300778117 -0.4096159602595202 -0.40482045237636805 -0.4096159602595202 2.4702309236843685 -0.40482045237636805 -0.41913682214245473 -0.40482045237636805 
0.0 -0.9953229571279534 1.4252406142994627 -0.2976843093394886 -0.983818358233053 -0.4053047222277695 -0.8353450071629719 -0.4096159602595202 2.4702309236843685 -0.4096159602595202 -0.40482045237636805 -0.40482045237636805 -0.41913682214245473 -0.40482045237636805 
0.0 -0.9953229571279534 1.5393910708647591 -0.9758783496022847 -0.5583040795043649 -0.39579193856719985 -0.9635196378916818 -0.4096159602595202 -0.40482045237636805 -0.4096159602595202 -0.40482045237636805 -0.40482045237636805 2.385855756810896 -0.40482045237636805 
0.0 -0.9953229571279534 1.6535415274300556 -0.5520070744380371 0.1225187664615361 -0.38627915490663023 -0.19447185351942206 -0.4096159602595202 -0.40482045237636805 -0.4096159602595202 -0.40482045237636805 -0.40482045237636805 -0.41913682214245473 2.4702309236843685 
0.0 -0.9953229571279534 1.767691983995352 0.12618696582475894 0.46293018944448655 -0.3672535875854917 -0.25855916888377706 -0.4096159602595202 -0.40482045237636805 -0.4096159602595202 -0.40482045237636805 2.4702309236843685 -0.41913682214245473 -0.40482045237636805 
0.0 -0.7090647843341288 -1.656821712963541 0.46528398595615694 0.8884444681731747 -0.3577408039249221 -1.2198688993491018 2.4413111231467406 -0.40482045237636805 -0.4096159602595202 -0.40482045237636805 -0.40482045237636805 -0.41913682214245473 -0.40482045237636805 
0.0 -0.7090647843341288 -1.5426712563982445 0.8891552611204045 0.7182387566816995 -0.3387152366037829 -0.9635196378916818 -0.4096159602595202 -0.40482045237636805 2.4413111231467406 -0.40482045237636805 -0.40482045237636805 -0.41913682214245473 -0.40482045237636805 
0.0 -0.7090647843341288 -1.428520799832948 0.7196067510547055 0.03741591071579848 -0.32920245294321393 0.2541393540310628 -0.4096159602595202 -0.40482045237636805 -0.4096159602595202 2.4702309236843685 -0.40482045237636805 -0.41913682214245473 -0.40482045237636805 
0.0 -0.7090647843341288 -1.3143703432676517 0.041412710791909425 0.5480330451902242 -0.3101768856220747 -0.9635196378916818 -0.4096159602595202 2.4702309236843685 -0.4096159602595202 -0.40482045237636805 -0.40482045237636805 -0.41913682214245473 -0.40482045237636805 
0.0 -0.7090647843341288 -1.2002198867023552 0.5500582409890065 -0.21789265652141437 -0.3006641019615051 0.7668378769459027 -0.4096159602595202 -0.40482045237636805 -0.4096159602595202 -0.40482045237636805 -0.40482045237636805 2.385855756810896 -0.40482045237636805 
0.0 -0.7090647843341288 -1.0860694301370588 -0.2129100543066391 -0.4732012237586272 -0.28163853464036653 0.2541393540310628 -0.4096159602595202 -0.40482045237636805 -0.4096159602595202 -0.40482045237636805 -0.40482045237636805 -0.41913682214245473 2.4702309236843685 
0.0 -0.7090647843341288 -0.9719189735717624 -0.4672328194051876 0.46293018944448655 -0.27212575097979697 -1.4121308454421668 -0.4096159602595202 -0.40482045237636805 -0.4096159602595202 -0.40482045237636805 2.4702309236843685 -0.41913682214245473 -0.40482045237636805 
0.0 -0.7090647843341288 -0.857768517006466 0.46528398595615694 1.2288558911561251 -0.2531001836586577 -1.2198688993491018 2.4413111231467406 -0.40482045237636805 -0.4096159602595202 -0.40482045237636805 -0.40482045237636805 -0.41913682214245473 -0.40482045237636805 
0.0 -0.7090647843341288 -0.7436180604411695 1.2282522812518026 1.1437530354103875 -0.2435873999980881 0.8950125076746127 -0.4096159602595202 -0.40482045237636805 2.4413111231467406 -0.40482045237636805 -0.40482045237636805 -0.41913682214245473 -0.40482045237636805 
0.0 -0.7090647843341288 -0.6294676038758731 1.143478026218953 0.2927244779530113 -0.22456183267694957 -0.0022099074263571155 -0.4096159602595202 -0.40482045237636805 -0.4096159602595202 2.4702309236843685 -0.40482045237636805 -0.41913682214245473 -0.40482045237636805 
0.0 -0.7090647843341288 -0.5153171473105767 0.29573547589045796 -0.302995512267152 -0.20553626535581035 -1.283956214713457 -0.4096159602595202 2.4702309236843685 -0.4096159602595202 -0.40482045237636805 -0.40482045237636805 -0.41913682214245473 -0.40482045237636805 
0.0 -0.7090647843341288 -0.40116669074528016 -0.2976843093394886 -0.3880983680128896 -0.19602348169524073 0.06187740793799787 -0.4096159602595202 -0.40482045237636805 -0.4096159602595202 -0.40482045237636805 -0.40482045237636805 2.385855756810896 -0.40482045237636805 
0.0 -0.7090647843341288 -0.28701623417998373 -0.3824585643723381 -0.21789265652141437 -0.17699791437410217 1.0872744537676775 -0.4096159602595202 -0.40482045237636805 -0.4096159602595202 -0.40482045237636805 -0.40482045237636805 -0.41913682214245473 2.4702309236843685 
0.0 -0.7090647843341288 -0.1728657776146873 -0.2129100543066391 -0.302995512267152 -0.15797234705296295 0.3823139847597728 -0.4096159602595202 -0.40482045237636805 -0.4096159602595202 -0.40482045237636805 2.4702309236843685 -0.41913682214245473 -0.40482045237636805 
0.0 -0.7090647843341288 -0.05871532104939088 -0.2976843093394886 -0.302995512267152 -0.13894677973182443 -1.283956214713457 2.4413111231467406 -0.40482045237636805 -0.4096159602595202 -0.40482045237636805 -0.40482045237636805 -0.41913682214245473 -0.40482045237636805 
0.0 -0.7090647843341288 0.05543513551590555 -0.2976843093394886 -0.21789265652141437 -0.1199212124106852 -0.0662972227907121 -0.4096159602595202 -0.40482045237636805 2.4413111231467406 -0.40482045237636805 -0.40482045237636805 -0.41913682214245473 -0.40482045237636805 
0.0 -0.7090647843341288 0.16958559208120197 -0.2129100543066391 0.46293018944448655 -0.11040842875011558 -0.386733799612487 -0.4096159602595202 -0.40482045237636805 -0.4096159602595202 2.4702309236843685 -0.40482045237636805 -0.41913682214245473 -0.40482045237636805 
0.0 -0.7090647843341288 0.28373604864649843 0.46528398595615694 1.2288558911561251 -0.09138286142897704 -1.3480435300778117 -0.4096159602595202 2.4702309236843685 -0.4096159602595202 -0.40482045237636805 -0.40482045237636805 -0.41913682214245473 -0.40482045237636805 
0.0 -0.7090647843341288 0.39788650521179486 1.2282522812518026 2.2500901601049765 -0.07235729410783781 0.06187740793799787 -0.4096159602595202 -0.40482045237636805 -0.4096159602595202 -0.40482045237636805 -0.40482045237636805 2.385855756810896 -0.40482045237636805 
0.0 -0.7090647843341288 0.5120369617770912 2.2455433416459964 1.5692673141390756 -0.0533317267866986 0.3823139847597728 -0.4096159602595202 -0.40482045237636805 -0.4096159602595202 -0.40482045237636805 -0.40482045237636805 -0.41913682214245473 2.4702309236843685 
0.0 -0.7090647843341288 0.6261874183423877 1.5673493013832005 1.5692673141390756 -0.03430615946556005 -0.322646484248132 -0.4096159602595202 -0.40482045237636805 -0.4096159602595202 -0.40482045237636805 2.4702309236843685 -0.41913682214245473 -0.40482045237636805 
0.0 -0.7090647843341288 0.7403378749076841 1.5673493013832005 0.8884444681731747 -0.005767808483851218 -0.0662972227907121 2.4413111231467406 -0.40482045237636805 -0.4096159602595202 -0.40482045237636805 -0.40482045237636805 -0.41913682214245473 -0.40482045237636805 
0.0 -0.7090647843341288 0.8544883314729805 0.8891552611204045 0.1225187664615361 0.013257758837287328 -0.19447185351942206 -0.4096159602595202 -0.40482045237636805 2.4413111231467406 -0.40482045237636805 -0.40482045237636805 -0.41913682214245473 -0.40482045237636805 
0.0 -0.7090647843341288 0.968638788038277 0.12618696582475894 0.2076216222072737 0.03228332615842655 -1.2198688993491018 -0.4096159602595202 -0.40482045237636805 -0.4096159602595202 2.4702309236843685 -0.40482045237636805 -0.41913682214245473 -0.40482045237636805 
0.0 -0.7090647843341288 1.0827892446035734 0.21096122085760843 -0.6434069352501025 0.0513088934795651 1.0872744537676775 -0.4096159602595202 2.4702309236843685 -0.4096159602595202 -0.40482045237636805 -0.40482045237636805 -0.41913682214245473 -0.40482045237636805 
0.0 -0.7090647843341288 1.1969397011688698 -0.6367813294708866 -0.302995512267152 0.07033446080070431 0.9590998230389677 -0.4096159602595202 -0.40482045237636805 -0.4096159602595202 -0.40482045237636805 -0.40482045237636805 2.385855756810896 -0.40482045237636805 
0.0 -0.7090647843341288 1.3110901577341663 -0.2976843093394886 -0.21789265652141437 0.08936002812184354 -0.643083061069907 -0.4096159602595202 -0.40482045237636805 -0.4096159602595202 -0.40482045237636805 -0.40482045237636805 -0.41913682214245473 2.4702309236843685 
0.0 -0.7090647843341288 1.4252406142994627 -0.2129100543066391 -0.13278980077567676 0.11789837910355169 0.8309251923102576 -0.4096159602595202 -0.40482045237636805 -0.4096159602595202 -0.40482045237636805 2.4702309236843685 -0.41913682214245473 -0.40482045237636805 
0.0 -0.7090647843341288 1.5393910708647591 -0.1281357992737896 0.1225187664615361 0.1369239464246909 -0.707170376434262 2.4413111231467406 -0.40482045237636805 -0.4096159602595202 -0.40482045237636805 -0.40482045237636805 -0.41913682214245473 -0.40482045237636805 
0.0 -0.7090647843341288 1.6535415274300556 0.12618696582475894 -0.13278980077567676 0.15594951374582947 1.1513617691320326 -0.4096159602595202 -0.40482045237636805 2.4413111231467406 -0.40482045237636805 -0.40482045237636805 -0.41913682214245473 -0.40482045237636805 
0.0 -0.42280661154030413 -1.656821712963541 -0.1281357992737896 0.46293018944448655 0.17497508106696869 0.9590998230389677 -0.4096159602595202 -0.40482045237636805 -0.4096159602595202 2.4702309236843685 -0.40482045237636805 -0.41913682214245473 -0.40482045237636805 
0.0 -0.42280661154030413 -1.5426712563982445 0.46528398595615694 1.2288558911561251 0.20351343204867683 -0.0662972227907121 -0.4096159602595202 2.4702309236843685 -0.4096159602595202 -0.40482045237636805 -0.40482045237636805 -0.41913682214245473 -0.40482045237636805 
0.0 -0.42280661154030413 -1.428520799832948 1.2282522812518026 2.0798844486135013 0.22253899936981605 0.5745759308528378 -0.4096159602595202 -0.40482045237636805 -0.4096159602595202 -0.40482045237636805 -0.40482045237636805 2.385855756810896 -0.40482045237636805 
0.0 -0.42280661154030413 -1.3143703432676517 2.0759948315802976 0.9735473239189123 0.2415645666909546 0.06187740793799787 -0.4096159602595202 -0.40482045237636805 -0.4096159602595202 -0.40482045237636805 -0.40482045237636805 -0.41913682214245473 2.4702309236843685 
0.0 -0.42280661154030413 -1.2002198867023552 0.973929516153254 -0.21789265652141437 0.26059013401209385 -0.25855916888377706 -0.4096159602595202 -0.40482045237636805 -0.4096159602595202 -0.40482045237636805 2.4702309236843685 -0.41913682214245473 -0.40482045237636805 
0.0 -0.42280661154030413 -1.0860694301370588 -0.2129100543066391 0.46293018944448655 0.289128484993802 0.2541393540310628 2.4413111231467406 -0.40482045237636805 -0.4096159602595202 -0.40482045237636805 -0.40482045237636805 -0.41913682214245473 -0.40482045237636805 
0.0 -0.42280661154030413 -0.9719189735717624 0.46528398595615694 1.2288558911561251 0.3081540523149412 1.4717983459538075 -0.4096159602595202 -0.40482045237636805 2.4413111231467406 -0.40482045237636805 -0.40482045237636805 -0.41913682214245473 -0.40482045237636805 
0.0 -0.42280661154030413 -0.857768517006466 1.2282522812518026 1.6543701698848132 0.32717961963608044 1.4717983459538075 -0.4096159602595202 -0.40482045237636805 -0.4096159602595202 2.4702309236843685 -0.40482045237636805 -0.41913682214245473 -0.40482045237636805 
0.0 -0.42280661154030413 -0.7436180604411695 1.6521235564160501 0.03741591071579848 0.34620518695721897 0.2541393540310628 -0.4096159602595202 2.4702309236843685 -0.4096159602595202 -0.40482045237636805 -0.40482045237636805 -0.41913682214245473 -0.40482045237636805 
0.0 -0.42280661154030413 -0.6294676038758731 0.041412710791909425 0.37782733369874894 0.3652307542783582 0.5104886154884828 -0.4096159602595202 -0.40482045237636805 -0.4096159602595202 -0.40482045237636805 -0.40482045237636805 2.385855756810896 -0.40482045237636805 
0.0 -0.42280661154030413 -0.5153171473105767 0.3805097309233075 1.05865017966465 0.38425632159949674 -0.0022099074263571155 -0.4096159602595202 -0.40482045237636805 -0.4096159602595202 -0.40482045237636805 -0.40482045237636805 -0.41913682214245473 2.4702309236843685 
0.0 -0.42280661154030413 -0.40116669074528016 1.0587037711861036 1.5692673141390756 0.4127946725812049 1.3436237152250976 -0.4096159602595202 -0.40482045237636805 -0.4096159602595202 -0.40482045237636805 2.4702309236843685 -0.41913682214245473 -0.40482045237636805 
0.0 -0.42280661154030413 -0.28701623417998373 1.5673493013832005 1.2288558911561251 0.43182023990234414 0.44640130012412776 2.4413111231467406 -0.40482045237636805 -0.4096159602595202 -0.40482045237636805 -0.40482045237636805 -0.41913682214245473 -0.40482045237636805 
0.0 -0.42280661154030413 -0.1728657776146873 1.2282522812518026 1.6543701698848132 0.45084580722348333 0.3182266693954178 -0.4096159602595202 -0.40482045237636805 2.4413111231467406 -0.40482045237636805 -0.40482045237636805 -0.41913682214245473 -0.40482045237636805 
0.0 -0.42280661154030413 -0.05871532104939088 1.6521235564160501 0.2076216222072737 0.4698713745446226 -0.1303845381550671 -0.4096159602595202 -0.40482045237636805 -0.4096159602595202 2.4702309236843685 -0.40482045237636805 -0.41913682214245473 -0.40482045237636805 
0.0 -0.42280661154030413 0.05543513551590555 0.21096122085760843 -0.4732012237586272 0.4793841582051915 -0.450821114976842 -0.4096159602595202 2.4702309236843685 -0.4096159602595202 -0.40482045237636805 -0.40482045237636805 -0.41913682214245473 -0.40482045237636805 
0.0 -0.42280661154030413 0.16958559208120197 -0.4672328194051876 -0.21789265652141437 0.4984097255263307 -0.322646484248132 -0.4096159602595202 -0.40482045237636805 -0.4096159602595202 -0.40482045237636805 -0.40482045237636805 2.385855756810896 -0.40482045237636805 
0.0 -0.42280661154030413 0.28373604864649843 -0.2129100543066391 0.7182387566816995 0.5174352928474699 -0.25855916888377706 -0.4096159602595202 -0.40482045237636805 -0.4096159602595202 -0.40482045237636805 -0.40482045237636805 -0.41913682214245473 2.4702309236843685 
0.0 -0.42280661154030413 0.39788650521179486 0.7196067510547055 0.1225187664615361 0.5364608601686092 -0.25855916888377706 -0.4096159602595202 -0.40482045237636805 -0.4096159602595202 -0.40482045237636805 2.4702309236843685 -0.41913682214245473 -0.40482045237636805 
0.0 -0.42280661154030413 0.5120369617770912 0.12618696582475894 0.03741591071579848 0.5554864274897471 0.8309251923102576 2.4413111231467406 -0.40482045237636805 -0.4096159602595202 -0.40482045237636805 -0.40482045237636805 -0.41913682214245473 -0.40482045237636805 
0.0 -0.42280661154030413 0.6261874183423877 0.041412710791909425 0.2927244779530113 0.5649992111503174 -0.707170376434262 -0.4096159602595202 -0.40482045237636805 2.4413111231467406 -0.40482045237636805 -0.40482045237636805 -0.41913682214245473 -0.40482045237636805 
0.0 -0.42280661154030413 0.7403378749076841 0.29573547589045796 -0.302995512267152 0.5840247784714565 1.2795363998607425 -0.4096159602595202 -0.40482045237636805 -0.4096159602595202 2.4702309236843685 -0.40482045237636805 -0.41913682214245473 -0.40482045237636805 
0.0 -0.42280661154030413 0.8544883314729805 -0.2976843093394886 0.2927244779530113 0.6030503457925944 0.3823139847597728 -0.4096159602595202 2.4702309236843685 -0.4096159602595202 -0.40482045237636805 -0.40482045237636805 -0.41913682214245473 -0.40482045237636805 
0.0 -0.42280661154030413 0.968638788038277 0.29573547589045796 0.2076216222072737 0.6125631294531647 0.44640130012412776 -0.4096159602595202 -0.40482045237636805 -0.4096159602595202 -0.40482045237636805 -0.40482045237636805 2.385855756810896 -0.40482045237636805 
0.0 -0.42280661154030413 1.0827892446035734 0.21096122085760843 0.2927244779530113 0.631588696774304 -0.0022099074263571155 -0.4096159602595202 -0.40482045237636805 -0.4096159602595202 -0.40482045237636805 -0.40482045237636805 -0.41913682214245473 2.4702309236843685 
0.0 -0.42280661154030413 1.1969397011688698 0.29573547589045796 0.2927244779530113 0.6411014804348728 1.5999729766825175 -0.4096159602595202 -0.40482045237636805 -0.4096159602595202 -0.40482045237636805 2.4702309236843685 -0.41913682214245473 -0.40482045237636805 
0.0 -0.42280661154030413 1.3110901577341663 0.29573547589045796 0.2076216222072737 0.660127047756012 0.8309251923102576 2.4413111231467406 -0.40482045237636805 -0.4096159602595202 -0.40482045237636805 -0.40482045237636805 -0.41913682214245473 -0.40482045237636805 
0.0 -0.42280661154030413 1.4252406142994627 0.21096122085760843 0.1225187664615361 0.669639831416581 0.2541393540310628 -0.4096159602595202 -0.40482045237636805 2.4413111231467406 -0.40482045237636805 -0.40482045237636805 -0.41913682214245473 -0.40482045237636805 
0.0 -0.42280661154030413 1.5393910708647591 0.12618696582475894 0.1225187664615361 0.6886653987377203 1.0231871384033226 -0.4096159602595202 -0.40482045237636805 -0.4096159602595202 2.4702309236843685 -0.40482045237636805 -0.41913682214245473 -0.40482045237636805 
0.0 -0.42280661154030413 1.6535415274300556 0.12618696582475894 0.1225187664615361 0.6981781823982892 0.5745759308528378 -0.4096159602595202 2.4702309236843685 -0.4096159602595202 -0.40482045237636805 -0.40482045237636805 -0.41913682214245473 -0.40482045237636805 
0.0 -0.42280661154030413 1.767691983995352 0.12618696582475894 0.7182387566816995 0.7172037497194284 1.5999729766825175 -0.4096159602595202 -0.40482045237636805 -0.4096159602595202 -0.40482045237636805 -0.40482045237636805 2.385855756810896 -0.40482045237636805 
0.0 -0.1365484387464795 -1.656821712963541 0.7196067510547055 1.3990616026476004 0.7267165333799986 -0.1303845381550671 -0.4096159602595202 -0.40482045237636805 -0.4096159602595202 -0.40482045237636805 -0.40482045237636805 -0.41913682214245473 2.4702309236843685 
0.0 -0.1365484387464795 -1.5426712563982445 1.3978007913175015 1.05865017966465 0.7457421007011366 1.0872744537676775 -0.4096159602595202 -0.40482045237636805 -0.4096159602595202 -0.40482045237636805 2.4702309236843685 -0.41913682214245473 -0.40482045237636805 
0.0 -0.1365484387464795 -1.428520799832948 1.0587037711861036 0.7182387566816995 0.7552548843617068 -0.322646484248132 2.4413111231467406 -0.40482045237636805 -0.4096159602595202 -0.40482045237636805 -0.40482045237636805 -0.41913682214245473 -0.40482045237636805 
0.0 -0.1365484387464795 -1.3143703432676517 0.7196067510547055 1.484164458393338 0.7742804516828461 1.0231871384033226 -0.4096159602595202 -0.40482045237636805 2.4413111231467406 -0.40482045237636805 -0.40482045237636805 -0.41913682214245473 -0.40482045237636805 
0.0 -0.1365484387464795 -1.2002198867023552 1.482575046350351 1.5692673141390756 0.7837932353434149 -0.386733799612487 -0.4096159602595202 -0.40482045237636805 -0.4096159602595202 2.4702309236843685 -0.40482045237636805 -0.41913682214245473 -0.40482045237636805 
0.0 -0.1365484387464795 -1.0860694301370588 1.5673493013832005 2.5053987273421896 0.8028188026645542 0.7027505615815477 -0.4096159602595202 2.4702309236843685 -0.4096159602595202 -0.40482045237636805 -0.40482045237636805 -0.41913682214245473 -0.40482045237636805 
0.0 -0.1365484387464795 -0.9719189735717624 2.499866106744545 1.9947815928677637 0.8123315863251231 -0.1303845381550671 -0.4096159602595202 -0.40482045237636805 -0.4096159602595202 -0.40482045237636805 -0.40482045237636805 2.385855756810896 -0.40482045237636805 
0.0 -0.1365484387464795 -0.857768517006466 1.991220576547448 1.909678737122026 0.8313571536462624 1.3436237152250976 -0.4096159602595202 -0.40482045237636805 -0.4096159602595202 -0.40482045237636805 -0.40482045237636805 -0.41913682214245473 2.4702309236843685 
0.0 -0.1365484387464795 -0.7436180604411695 1.9064463215145986 0.37782733369874894 0.8408699373068313 1.2795363998607425 -0.4096159602595202 -0.40482045237636805 -0.4096159602595202 -0.40482045237636805 2.4702309236843685 -0.41913682214245473 -0.40482045237636805 
0.0 -0.1365484387464795 -0.6294676038758731 0.3805097309233075 0.2076216222072737 0.8598955046279705 0.8309251923102576 2.4413111231467406 -0.40482045237636805 -0.4096159602595202 -0.40482045237636805 -0.40482045237636805 -0.41913682214245473 -0.40482045237636805 
0.0 -0.1365484387464795 -0.5153171473105767 0.21096122085760843 0.37782733369874894 0.8789210719491097 1.7281476074112274 -0.4096159602595202 -0.40482045237636805 2.4413111231467406 -0.40482045237636805 -0.40482045237636805 -0.41913682214245473 -0.40482045237636805 
0.0 -0.1365484387464795 -0.40116669074528016 0.3805097309233075 0.2076216222072737 0.8884338556096787 1.4717983459538075 -0.4096159602595202 -0.40482045237636805 -0.4096159602595202 2.4702309236843685 -0.40482045237636805 -0.41913682214245473 -0.40482045237636805 
0.0 -0.1365484387464795 -0.28701623417998373 0.21096122085760843 0.6331359009359618 0.9074594229308179 1.2154490844963877 -0.4096159602595202 2.4702309236843685 -0.4096159602595202 -0.40482045237636805 -0.40482045237636805 -0.41913682214245473 -0.40482045237636805 
0.0 -0.1365484387464795 -0.1728657776146873 0.634832496021856 0.2927244779530113 0.9264849902519571 1.5999729766825175 -0.4096159602595202 -0.40482045237636805 -0.4096159602595202 -0.40482045237636805 -0.40482045237636805 2.385855756810896 -0.40482045237636805 
0.0 -0.1365484387464795 -0.05871532104939088 0.29573547589045796 -0.21789265652141437 0.9455105575730963 0.5745759308528378 -0.4096159602595202 -0.40482045237636805 -0.4096159602595202 -0.40482045237636805 -0.40482045237636805 -0.41913682214245473 2.4702309236843685 
0.0 -0.1365484387464795 0.05543513551590555 -0.2129100543066391 0.37782733369874894 0.9550233412336653 1.7281476074112274 -0.4096159602595202 -0.40482045237636805 -0.4096159602595202 -0.40482045237636805 2.4702309236843685 -0.41913682214245473 -0.40482045237636805 
0.0 -0.1365484387464795 0.16958559208120197 0.3805097309233075 0.7182387566816995 0.9740489085548045 -0.386733799612487 2.4413111231467406 -0.40482045237636805 -0.4096159602595202 -0.40482045237636805 -0.40482045237636805 -0.41913682214245473 -0.40482045237636805 
0.0 -0.1365484387464795 0.28373604864649843 0.7196067510547055 0.37782733369874894 0.9930744758759437 1.0872744537676775 -0.4096159602595202 -0.40482045237636805 2.4413111231467406 -0.40482045237636805 -0.40482045237636805 -0.41913682214245473 -0.40482045237636805 
0.0 -0.1365484387464795 0.39788650521179486 0.3805097309233075 0.2076216222072737 1.012100043197083 -0.1303845381550671 -0.4096159602595202 -0.40482045237636805 -0.4096159602595202 2.4702309236843685 -0.40482045237636805 -0.41913682214245473 -0.40482045237636805 
0.0 -0.1365484387464795 0.5120369617770912 0.21096122085760843 0.6331359009359618 1.0311256105182207 1.2154490844963877 -0.4096159602595202 2.4702309236843685 -0.4096159602595202 -0.40482045237636805 -0.40482045237636805 -0.41913682214245473 -0.40482045237636805 
0.0 -0.1365484387464795 0.6261874183423877 0.634832496021856 1.1437530354103875 1.05015117783936 -0.19447185351942206 -0.4096159602595202 -0.40482045237636805 -0.4096159602595202 -0.40482045237636805 -0.40482045237636805 2.385855756810896 -0.40482045237636805 
0.0 -0.1365484387464795 0.7403378749076841 1.143478026218953 0.8884444681731747 1.0691767451604992 1.1513617691320326 -0.4096159602595202 -0.40482045237636805 -0.4096159602595202 -0.40482045237636805 -0.40482045237636805 -0.41913682214245473 2.4702309236843685 
0.0 -0.1365484387464795 0.8544883314729805 0.8891552611204045 1.05865017966465 1.0977150961422073 -0.25855916888377706 -0.4096159602595202 -0.40482045237636805 -0.4096159602595202 -0.40482045237636805 2.4702309236843685 -0.41913682214245473 -0.40482045237636805 
0.0 -0.1365484387464795 0.968638788038277 1.0587037711861036 0.46293018944448655 1.1167406634633466 0.3182266693954178 2.4413111231467406 -0.40482045237636805 -0.4096159602595202 -0.40482045237636805 -0.40482045237636805 -0.41913682214245473 -0.40482045237636805 
0.0 -0.1365484387464795 1.0827892446035734 0.46528398595615694 0.5480330451902242 1.1357662307844858 1.8563222381399374 -0.4096159602595202 -0.40482045237636805 2.4413111231467406 -0.40482045237636805 -0.40482045237636805 -0.41913682214245473 -0.40482045237636805 
0.0 -0.1365484387464795 1.1969397011688698 0.5500582409890065 0.7182387566816995 1.154791798105625 0.6386632462171927 -0.4096159602595202 -0.40482045237636805 -0.4096159602595202 2.4702309236843685 -0.40482045237636805 -0.41913682214245473 -0.40482045237636805 
0.0 -0.1365484387464795 1.3110901577341663 0.7196067510547055 1.3139587469018628 1.1833301490873331 1.5358856613181624 -0.4096159602595202 2.4702309236843685 -0.4096159602595202 -0.40482045237636805 -0.40482045237636805 -0.41913682214245473 -0.40482045237636805 
0.0 -0.1365484387464795 1.4252406142994627 1.313026536284652 1.909678737122026 1.2023557164084724 0.44640130012412776 -0.4096159602595202 -0.40482045237636805 -0.4096159602595202 -0.40482045237636805 -0.40482045237636805 2.385855756810896 -0.40482045237636805 
0.0 -0.1365484387464795 1.5393910708647591 1.9064463215145986 1.3990616026476004 1.2213812837296103 1.3436237152250976 -0.4096159602595202 -0.40482045237636805 -0.4096159602595202 -0.40482045237636805 -0.40482045237636805 -0.41913682214245473 2.4702309236843685 
0.0 -0.1365484387464795 1.6535415274300556 1.3978007913175015 0.9735473239189123 1.2404068510507495 1.7281476074112274 -0.4096159602595202 -0.40482045237636805 -0.4096159602595202 -0.40482045237636805 2.4702309236843685 -0.41913682214245473 -0.40482045237636805 
0.0 0.1497097340473451 -1.656821712963541 0.973929516153254 0.8884444681731747 1.2689452020324576 2.1126714995973574 2.4413111231467406 -0.40482045237636805 -0.4096159602595202 -0.40482045237636805 -0.40482045237636805 -0.41913682214245473 -0.40482045237636805 
0.0 0.1497097340473451 -1.5426712563982445 0.8891552611204045 1.1437530354103875 1.287970769353597 1.5358856613181624 -0.4096159602595202 -0.40482045237636805 2.4413111231467406 -0.40482045237636805 -0.40482045237636805 -0.41913682214245473 -0.40482045237636805 
0.0 0.1497097340473451 -1.428520799832948 1.143478026218953 1.1437530354103875 1.3069963366747361 1.5999729766825175 -0.4096159602595202 -0.40482045237636805 -0.4096159602595202 2.4702309236843685 -0.40482045237636805 -0.41913682214245473 -0.40482045237636805 
0.0 0.1497097340473451 -1.3143703432676517 1.143478026218953 0.7182387566816995 1.3355346876564442 1.6640602920468726 -0.4096159602595202 2.4702309236843685 -0.4096159602595202 -0.40482045237636805 -0.40482045237636805 -0.41913682214245473 -0.40482045237636805 
0.0 0.1497097340473451 -1.2002198867023552 0.7196067510547055 0.46293018944448655 1.3545602549775835 0.12596472330235287 -0.4096159602595202 -0.40482045237636805 -0.4096159602595202 -0.40482045237636805 -0.40482045237636805 2.385855756810896 -0.40482045237636805 
0.0 0.1497097340473451 -1.0860694301370588 0.46528398595615694 0.5480330451902242 1.3735858222987227 1.6640602920468726 -0.4096159602595202 -0.40482045237636805 -0.4096159602595202 -0.40482045237636805 -0.40482045237636805 -0.41913682214245473 2.4702309236843685 
0.0 0.1497097340473451 -0.9719189735717624 0.5500582409890065 1.1437530354103875 1.392611389619862 0.7668378769459027 -0.4096159602595202 -0.40482045237636805 -0.4096159602595202 -0.40482045237636805 2.4702309236843685 -0.41913682214245473 -0.40482045237636805 
0.0 0.1497097340473451 -0.857768517006466 1.143478026218953 0.46293018944448655 1.4116369569409999 1.0872744537676775 2.4413111231467406 -0.40482045237636805 -0.4096159602595202 -0.40482045237636805 -0.40482045237636805 -0.41913682214245473 -0.40482045237636805 
0.0 0.1497097340473451 -0.7436180604411695 0.46528398595615694 0.9735473239189123 1.4401753079227093 -0.0022099074263571155 -0.4096159602595202 -0.40482045237636805 2.4413111231467406 -0.40482045237636805 -0.40482045237636805 -0.41913682214245473 -0.40482045237636805 
0.0 0.1497097340473451 -0.6294676038758731 0.973929516153254 0.7182387566816995 1.4592008752438472 2.240846130326067 -0.4096159602595202 -0.40482045237636805 -0.4096159602595202 2.4702309236843685 -0.40482045237636805 -0.41913682214245473 -0.40482045237636805 
0.0 0.1497097340473451 -0.5153171473105767 0.7196067510547055 0.9735473239189123 1.4782264425649865 0.7027505615815477 -0.4096159602595202 2.4702309236843685 -0.4096159602595202 -0.40482045237636805 -0.40482045237636805 -0.41913682214245473 -0.40482045237636805 
0.0 0.1497097340473451 -0.40116669074528016 0.973929516153254 0.9735473239189123 1.4877392262255567 0.7027505615815477 -0.4096159602595202 -0.40482045237636805 -0.4096159602595202 -0.40482045237636805 -0.40482045237636805 2.385855756810896 -0.40482045237636805 
0.0 0.1497097340473451 -0.28701623417998373 0.973929516153254 1.2288558911561251 1.5067647935466946 -0.25855916888377706 -0.4096159602595202 -0.40482045237636805 -0.4096159602595202 -0.40482045237636805 -0.40482045237636805 -0.41913682214245473 2.4702309236843685 
0.0 0.1497097340473451 -0.1728657776146873 1.2282522812518026 1.05865017966465 1.5257903608678338 1.0872744537676775 -0.4096159602595202 -0.40482045237636805 -0.4096159602595202 -0.40482045237636805 2.4702309236843685 -0.41913682214245473 -0.40482045237636805 
0.0 0.1497097340473451 -0.05871532104939088 1.0587037711861036 1.2288558911561251 1.544815928188973 0.9590998230389677 2.4413111231467406 -0.40482045237636805 -0.4096159602595202 -0.40482045237636805 -0.40482045237636805 -0.41913682214245473 -0.40482045237636805 
0.0 0.1497097340473451 0.05543513551590555 1.2282522812518026 1.1437530354103875 1.554328711849542 0.06187740793799787 -0.4096159602595202 -0.40482045237636805 2.4413111231467406 -0.40482045237636805 -0.40482045237636805 -0.41913682214245473 -0.40482045237636805 
0.0 0.1497097340473451 0.16958559208120197 1.143478026218953 0.8033416124274371 1.5733542791706812 1.7922349227755825 -0.4096159602595202 -0.40482045237636805 -0.4096159602595202 2.4702309236843685 -0.40482045237636805 -0.41913682214245473 -0.40482045237636805 
0.0 0.1497097340473451 0.28373604864649843 0.804381006087555 1.484164458393338 1.5828670628312516 0.3823139847597728 -0.4096159602595202 2.4702309236843685 -0.4096159602595202 -0.40482045237636805 -0.40482045237636805 -0.41913682214245473 -0.40482045237636805 
0.0 0.1497097340473451 0.39788650521179486 1.482575046350351 0.8884444681731747 1.6018926301523893 1.9204095535042924 -0.4096159602595202 -0.40482045237636805 -0.4096159602595202 -0.40482045237636805 -0.40482045237636805 2.385855756810896 -0.40482045237636805 
0.0 0.1497097340473451 0.5120369617770912 0.8891552611204045 1.3139587469018628 1.6114054138129597 0.3823139847597728 -0.4096159602595202 -0.40482045237636805 -0.4096159602595202 -0.40482045237636805 -0.40482045237636805 -0.41913682214245473 2.4702309236843685 
0.0 0.1497097340473451 0.6261874183423877 1.313026536284652 1.6543701698848132 1.6209181974735285 1.5358856613181624 -0.4096159602595202 -0.40482045237636805 -0.4096159602595202 -0.40482045237636805 2.4702309236843685 -0.41913682214245473 -0.40482045237636805 
0.0 0.1497097340473451 0.7403378749076841 1.6521235564160501 1.5692673141390756 1.630430981134099 0.6386632462171927 2.4413111231467406 -0.40482045237636805 -0.4096159602595202 -0.40482045237636805 -0.40482045237636805 -0.41913682214245473 -0.40482045237636805 
0.0 0.1497097340473451 0.8544883314729805 1.5673493013832005 0.7182387566816995 1.6399437647946677 1.6640602920468726 -0.4096159602595202 -0.40482045237636805 2.4413111231467406 -0.40482045237636805 -0.40482045237636805 -0.41913682214245473 -0.40482045237636805 
0.0 0.1497097340473451 0.968638788038277 0.7196067510547055 1.05865017966465 1.6494565484552368 0.9590998230389677 -0.4096159602595202 -0.40482045237636805 -0.4096159602595202 2.4702309236843685 -0.40482045237636805 -0.41913682214245473 -0.40482045237636805 
0.0 0.1497097340473451 1.0827892446035734 1.0587037711861036 1.484164458393338 1.6494565484552368 1.3436237152250976 -0.4096159602595202 2.4702309236843685 -0.4096159602595202 -0.40482045237636805 -0.40482045237636805 -0.41913682214245473 -0.40482045237636805 
0.0 0.1497097340473451 1.1969397011688698 1.482575046350351 1.909678737122026 1.658969332115807 0.8950125076746127 -0.4096159602595202 -0.40482045237636805 -0.4096159602595202 -0.40482045237636805 -0.40482045237636805 2.385855756810896 -0.40482045237636805 
0.0 0.1497097340473451 1.3110901577341663 1.9064463215145986 1.3990616026476004 1.6684821157763758 1.2154490844963877 -0.4096159602595202 -0.40482045237636805 -0.4096159602595202 -0.40482045237636805 -0.40482045237636805 -0.41913682214245473 2.4702309236843685 
0.0 0.1497097340473451 1.4252406142994627 1.3978007913175015 1.7394730256305508 1.6684821157763758 1.0231871384033226 -0.4096159602595202 -0.40482045237636805 -0.4096159602595202 -0.40482045237636805 2.4702309236843685 -0.41913682214245473 -0.40482045237636805 
0.0 0.1497097340473451 1.5393910708647591 1.7368978114488995 1.909678737122026 1.6684821157763758 1.0872744537676775 2.4413111231467406 -0.40482045237636805 -0.4096159602595202 -0.40482045237636805 -0.40482045237636805 -0.41913682214245473 -0.40482045237636805 
0.0 0.1497097340473451 1.6535415274300556 1.9064463215145986 2.164987304359239 1.6684821157763758 0.6386632462171927 -0.4096159602595202 -0.40482045237636805 2.4413111231467406 -0.40482045237636805 -0.40482045237636805 -0.41913682214245473 -0.40482045237636805 
0.0 0.1497097340473451 1.767691983995352 2.160769086613147 1.1437530354103875 1.6779948994369462 2.240846130326067 -0.4096159602595202 -0.40482045237636805 -0.4096159602595202 2.4702309236843685 -0.40482045237636805 -0.41913682214245473 -0.40482045237636805 
0.0 0.43596790684116976 -1.656821712963541 1.143478026218953 0.8884444681731747 1.6779948994369462 0.3182266693954178 -0.4096159602595202 2.4702309236843685 -0.4096159602595202 -0.40482045237636805 -0.40482045237636805 -0.41913682214245473 -0.40482045237636805 
0.0 0.43596790684116976 -1.5426712563982445 0.8891552611204045 1.2288558911561251 1.6779948994369462 0.12596472330235287 -0.4096159602595202 -0.40482045237636805 -0.4096159602595202 -0.40482045237636805 -0.40482045237636805 2.385855756810896 -0.40482045237636805 
0.0 0.43596790684116976 -1.428520799832948 1.2282522812518026 0.8884444681731747 1.6684821157763758 2.1126714995973574 -0.4096159602595202 -0.40482045237636805 -0.4096159602595202 -0.40482045237636805 -0.40482045237636805 -0.41913682214245473 2.4702309236843685 
0.0 0.43596790684116976 -1.3143703432676517 0.8891552611204045 1.05865017966465 1.6684821157763758 0.3823139847597728 -0.4096159602595202 -0.40482045237636805 -0.4096159602595202 -0.40482045237636805 2.4702309236843685 -0.41913682214245473 -0.40482045237636805 
0.0 0.43596790684116976 -1.2002198867023552 1.0587037711861036 1.484164458393338 1.6684821157763758 0.7027505615815477 2.4413111231467406 -0.40482045237636805 -0.4096159602595202 -0.40482045237636805 -0.40482045237636805 -0.41913682214245473 -0.40482045237636805 
0.0 0.43596790684116976 -1.0860694301370588 1.482575046350351 1.3990616026476004 1.658969332115807 -0.0022099074263571155 -0.4096159602595202 -0.40482045237636805 2.4413111231467406 -0.40482045237636805 -0.40482045237636805 -0.41913682214245473 -0.40482045237636805 
0.0 0.43596790684116976 -0.9719189735717624 1.3978007913175015 0.8033416124274371 1.658969332115807 2.240846130326067 -0.4096159602595202 -0.40482045237636805 -0.4096159602595202 2.4702309236843685 -0.40482045237636805 -0.41913682214245473 -0.40482045237636805 
0.0 0.43596790684116976 -0.857768517006466 0.804381006087555 0.8033416124274371 1.6494565484552368 0.3182266693954178 -0.4096159602595202 2.4702309236843685 -0.4096159602595202 -0.40482045237636805 -0.40482045237636805 -0.41913682214245473 -0.40482045237636805 
0.0 0.43596790684116976 -0.7436180604411695 0.804381006087555 0.8884444681731747 1.6494565484552368 2.1767588149617123 -0.4096159602595202 -0.40482045237636805 -0.4096159602595202 -0.40482045237636805 -0.40482045237636805 2.385855756810896 -0.40482045237636805 
0.0 0.43596790684116976 -0.6294676038758731 0.8891552611204045 0.8033416124274371 1.6399437647946677 0.5104886154884828 -0.4096159602595202 -0.40482045237636805 -0.4096159602595202 -0.40482045237636805 -0.40482045237636805 -0.41913682214245473 2.4702309236843685 
0.0 0.43596790684116976 -0.5153171473105767 0.804381006087555 1.1437530354103875 1.630430981134099 1.2795363998607425 -0.4096159602595202 -0.40482045237636805 -0.4096159602595202 -0.40482045237636805 2.4702309236843685 -0.41913682214245473 -0.40482045237636805 
0.0 0.43596790684116976 -0.40116669074528016 1.143478026218953 1.484164458393338 1.630430981134099 1.3436237152250976 2.4413111231467406 -0.40482045237636805 -0.4096159602595202 -0.40482045237636805 -0.40482045237636805 -0.41913682214245473 -0.40482045237636805 
0.0 0.43596790684116976 -0.28701623417998373 1.482575046350351 2.0798844486135013 1.6209181974735285 0.8309251923102576 -0.4096159602595202 -0.40482045237636805 2.4413111231467406 -0.40482045237636805 -0.40482045237636805 -0.41913682214245473 -0.40482045237636805 
0.0 0.43596790684116976 -0.1728657776146873 2.0759948315802976 2.3351930158507144 1.6114054138129597 0.3182266693954178 -0.4096159602595202 -0.40482045237636805 -0.4096159602595202 2.4702309236843685 -0.40482045237636805 -0.41913682214245473 -0.40482045237636805 
0.0 0.43596790684116976 -0.05871532104939088 2.3303175966788463 1.7394730256305508 1.6018926301523893 0.6386632462171927 -0.4096159602595202 2.4702309236843685 -0.4096159602595202 -0.40482045237636805 -0.40482045237636805 -0.41913682214245473 -0.40482045237636805 
0.0 0.43596790684116976 0.05543513551590555 1.7368978114488995 1.8245758813762885 1.5923798464918204 1.9204095535042924 -0.4096159602595202 -0.40482045237636805 -0.4096159602595202 -0.40482045237636805 -0.40482045237636805 2.385855756810896 -0.40482045237636805 
0.0 0.43596790684116976 0.8544883314729805 1.8216720664817492 1.5692673141390756 1.516277577207265 1.8563222381399374 -0.4096159602595202 -0.40482045237636805 -0.4096159602595202 -0.40482045237636805 -0.40482045237636805 2.385855756810896 -0.40482045237636805 
0.0 0.43596790684116976 1.4252406142994627 1.5673493013832005 1.3990616026476004 1.4496880915832784 1.5999729766825175 -0.4096159602595202 -0.40482045237636805 -0.4096159602595202 2.4702309236843685 -0.40482045237636805 -0.41913682214245473 -0.40482045237636805 
0.0 0.43596790684116976 1.6535415274300556 1.3978007913175015 1.05865017966465 1.4116369569409999 0.19005203866670783 -0.4096159602595202 -0.40482045237636805 -0.4096159602595202 -0.40482045237636805 -0.40482045237636805 2.385855756810896 -0.40482045237636805 
0.0 0.7222260796349944 -1.428520799832948 1.0587037711861036 0.6331359009359618 1.3450474713170146 0.5104886154884828 -0.4096159602595202 -0.40482045237636805 2.4413111231467406 -0.40482045237636805 -0.40482045237636805 -0.41913682214245473 -0.40482045237636805 
0.0 0.7222260796349944 -1.3143703432676517 0.634832496021856 0.37782733369874894 1.3260219039958754 0.2541393540310628 -0.4096159602595202 -0.40482045237636805 -0.4096159602595202 2.4702309236843685 -0.40482045237636805 -0.41913682214245473 -0.40482045237636805 
0.0 0.7222260796349944 -1.2002198867023552 0.3805097309233075 0.46293018944448655 1.3069963366747361 -0.386733799612487 -0.4096159602595202 2.4702309236843685 -0.4096159602595202 -0.40482045237636805 -0.40482045237636805 -0.41913682214245473 -0.40482045237636805 
0.0 0.7222260796349944 -1.0860694301370588 0.46528398595615694 0.46293018944448655 1.287970769353597 1.2154490844963877 -0.4096159602595202 -0.40482045237636805 -0.4096159602595202 -0.40482045237636805 -0.40482045237636805 2.385855756810896 -0.40482045237636805 
0.0 0.7222260796349944 -0.9719189735717624 0.46528398595615694 0.46293018944448655 1.2594324183718888 0.6386632462171927 -0.4096159602595202 -0.40482045237636805 -0.4096159602595202 -0.40482045237636805 -0.40482045237636805 -0.41913682214245473 2.4702309236843685 
0.0 0.7222260796349944 -0.857768517006466 0.46528398595615694 0.37782733369874894 1.2404068510507495 -0.25855916888377706 -0.4096159602595202 -0.40482045237636805 -0.4096159602595202 -0.40482045237636805 2.4702309236843685 -0.41913682214245473 -0.40482045237636805 
0.0 0.7222260796349944 -0.7436180604411695 0.3805097309233075 0.8033416124274371 1.2213812837296103 1.1513617691320326 2.4413111231467406 -0.40482045237636805 -0.4096159602595202 -0.40482045237636805 -0.40482045237636805 -0.41913682214245473 -0.40482045237636805 
0.0 0.7222260796349944 -0.6294676038758731 0.804381006087555 0.9735473239189123 1.1928429327479022 1.9844968688686473 -0.4096159602595202 -0.40482045237636805 2.4413111231467406 -0.40482045237636805 -0.40482045237636805 -0.41913682214245473 -0.40482045237636805 
0.0 0.7222260796349944 -0.5153171473105767 0.973929516153254 1.2288558911561251 1.173817365426763 0.6386632462171927 -0.4096159602595202 -0.40482045237636805 -0.4096159602595202 2.4702309236843685 -0.40482045237636805 -0.41913682214245473 -0.40482045237636805 
0.0 0.7222260796349944 -0.40116669074528016 1.2282522812518026 0.6331359009359618 1.1452790144450549 1.9204095535042924 -0.4096159602595202 2.4702309236843685 -0.4096159602595202 -0.40482045237636805 -0.40482045237636805 -0.41913682214245473 -0.40482045237636805 
0.0 0.7222260796349944 -0.28701623417998373 0.634832496021856 0.9735473239189123 1.1167406634633466 1.4077110305894525 -0.4096159602595202 -0.40482045237636805 -0.4096159602595202 -0.40482045237636805 -0.40482045237636805 2.385855756810896 -0.40482045237636805 
0.0 0.7222260796349944 -0.1728657776146873 0.973929516153254 1.05865017966465 1.0882023124816385 1.0872744537676775 -0.4096159602595202 -0.40482045237636805 -0.4096159602595202 -0.40482045237636805 -0.40482045237636805 -0.41913682214245473 2.4702309236843685 
0.0 0.7222260796349944 -0.05871532104939088 1.0587037711861036 1.3990616026476004 1.0691767451604992 0.2541393540310628 -0.4096159602595202 -0.40482045237636805 -0.4096159602595202 -0.40482045237636805 2.4702309236843685 -0.41913682214245473 -0.40482045237636805 
0.0 0.7222260796349944 0.05543513551590555 1.3978007913175015 0.7182387566816995 1.0406383941787911 -0.5149084303411969 2.4413111231467406 -0.40482045237636805 -0.4096159602595202 -0.40482045237636805 -0.40482045237636805 -0.41913682214245473 -0.40482045237636805 
0.0 0.7222260796349944 0.16958559208120197 0.7196067510547055 1.05865017966465 1.0025872595365126 1.5358856613181624 -0.4096159602595202 -0.40482045237636805 2.4413111231467406 -0.40482045237636805 -0.40482045237636805 -0.41913682214245473 -0.40482045237636805 
0.0 0.7222260796349944 0.28373604864649843 1.0587037711861036 0.46293018944448655 0.9740489085548045 1.9204095535042924 -0.4096159602595202 -0.40482045237636805 -0.4096159602595202 2.4702309236843685 -0.40482045237636805 -0.41913682214245473 -0.40482045237636805 
0.0 0.7222260796349944 0.39788650521179486 0.46528398595615694 0.5480330451902242 0.9455105575730963 1.7922349227755825 -0.4096159602595202 2.4702309236843685 -0.4096159602595202 -0.40482045237636805 -0.40482045237636805 -0.41913682214245473 -0.40482045237636805 
0.0 0.7222260796349944 0.5120369617770912 0.5500582409890065 0.7182387566816995 0.9169722065913882 1.3436237152250976 -0.4096159602595202 -0.40482045237636805 -0.4096159602595202 -0.40482045237636805 -0.40482045237636805 2.385855756810896 -0.40482045237636805 
0.0 0.7222260796349944 0.6261874183423877 0.7196067510547055 0.37782733369874894 0.8789210719491097 1.0231871384033226 -0.4096159602595202 -0.40482045237636805 -0.4096159602595202 -0.40482045237636805 -0.40482045237636805 -0.41913682214245473 2.4702309236843685 
0.0 0.7222260796349944 0.7403378749076841 0.3805097309233075 0.46293018944448655 0.8503827209674015 -0.25855916888377706 -0.4096159602595202 -0.40482045237636805 -0.4096159602595202 -0.40482045237636805 2.4702309236843685 -0.41913682214245473 -0.40482045237636805 
0.0 0.7222260796349944 0.8544883314729805 0.46528398595615694 0.37782733369874894 0.8123315863251231 0.06187740793799787 2.4413111231467406 -0.40482045237636805 -0.4096159602595202 -0.40482045237636805 -0.40482045237636805 -0.41913682214245473 -0.40482045237636805 
0.0 0.7222260796349944 0.968638788038277 0.3805097309233075 0.1225187664615361 0.7837932353434149 0.2541393540310628 -0.4096159602595202 -0.40482045237636805 2.4413111231467406 -0.40482045237636805 -0.40482045237636805 -0.41913682214245473 -0.40482045237636805 
0.0 0.7222260796349944 1.0827892446035734 0.12618696582475894 0.37782733369874894 0.7457421007011366 0.12596472330235287 -0.4096159602595202 -0.40482045237636805 -0.4096159602595202 2.4702309236843685 -0.40482045237636805 -0.41913682214245473 -0.40482045237636805 
0.0 0.7222260796349944 1.1969397011688698 0.3805097309233075 1.1437530354103875 0.7076909660588594 0.8950125076746127 -0.4096159602595202 2.4702309236843685 -0.4096159602595202 -0.40482045237636805 -0.40482045237636805 -0.41913682214245473 -0.40482045237636805 
0.0 0.7222260796349944 1.3110901577341663 1.143478026218953 1.2288558911561251 0.669639831416581 0.2541393540310628 -0.4096159602595202 -0.40482045237636805 -0.4096159602595202 -0.40482045237636805 -0.40482045237636805 2.385855756810896 -0.40482045237636805 
0.0 0.7222260796349944 1.4252406142994627 1.2282522812518026 0.5480330451902242 0.6411014804348728 0.12596472330235287 -0.4096159602595202 -0.40482045237636805 -0.4096159602595202 -0.40482045237636805 -0.40482045237636805 -0.41913682214245473 2.4702309236843685 
0.0 0.7222260796349944 1.5393910708647591 0.5500582409890065 0.46293018944448655 0.6030503457925944 -0.19447185351942206 -0.4096159602595202 -0.40482045237636805 -0.4096159602595202 -0.40482045237636805 2.4702309236843685 -0.41913682214245473 -0.40482045237636805 
0.0 0.7222260796349944 1.6535415274300556 0.46528398595615694 0.2927244779530113 0.5649992111503174 0.8950125076746127 2.4413111231467406 -0.40482045237636805 -0.4096159602595202 -0.40482045237636805 -0.40482045237636805 -0.41913682214245473 -0.40482045237636805 
0.0 1.008484252428819 -1.656821712963541 0.29573547589045796 0.37782733369874894 0.5269480765080389 -0.386733799612487 -0.4096159602595202 -0.40482045237636805 2.4413111231467406 -0.40482045237636805 -0.40482045237636805 -0.41913682214245473 -0.40482045237636805 
0.0 1.008484252428819 -1.5426712563982445 0.3805097309233075 0.03741591071579848 0.48889694186576177 1.4077110305894525 -0.4096159602595202 -0.40482045237636805 -0.4096159602595202 2.4702309236843685 -0.40482045237636805 -0.41913682214245473 -0.40482045237636805 
0.0 1.008484252428819 -1.428520799832948 0.041412710791909425 0.2076216222072737 0.45084580722348333 -0.707170376434262 -0.4096159602595202 2.4702309236843685 -0.4096159602595202 -0.40482045237636805 -0.40482045237636805 -0.41913682214245473 -0.40482045237636805 
0.0 1.008484252428819 -1.3143703432676517 0.21096122085760843 -0.13278980077567676 0.4127946725812049 -0.0022099074263571155 -0.4096159602595202 -0.40482045237636805 -0.4096159602595202 -0.40482045237636805 -0.40482045237636805 2.385855756810896 -0.40482045237636805 
0.0 1.008484252428819 -1.2002198867023552 -0.1281357992737896 0.03741591071579848 0.3747435379389278 -0.7712576917986169 -0.4096159602595202 -0.40482045237636805 -0.4096159602595202 -0.40482045237636805 -0.40482045237636805 -0.41913682214245473 2.4702309236843685 
0.0 1.008484252428819 -1.0860694301370588 0.041412710791909425 0.2927244779530113 0.33669240329664935 -0.322646484248132 -0.4096159602595202 -0.40482045237636805 -0.4096159602595202 -0.40482045237636805 2.4702309236843685 -0.41913682214245473 -0.40482045237636805 
0.0 1.008484252428819 -0.9719189735717624 0.29573547589045796 0.03741591071579848 0.29864126865437157 1.1513617691320326 2.4413111231467406 -0.40482045237636805 -0.4096159602595202 -0.40482045237636805 -0.40482045237636805 -0.41913682214245473 -0.40482045237636805 
0.0 1.008484252428819 -0.857768517006466 0.041412710791909425 0.1225187664615361 0.26059013401209385 0.8309251923102576 -0.4096159602595202 -0.40482045237636805 2.4413111231467406 -0.40482045237636805 -0.40482045237636805 -0.41913682214245473 -0.40482045237636805 
0.0 1.008484252428819 -0.7436180604411695 0.12618696582475894 0.46293018944448655 0.22253899936981605 -0.322646484248132 -0.4096159602595202 -0.40482045237636805 -0.4096159602595202 2.4702309236843685 -0.40482045237636805 -0.41913682214245473 -0.40482045237636805 
0.0 1.008484252428819 -0.6294676038758731 0.46528398595615694 -0.4732012237586272 0.19400064838810724 0.12596472330235287 -0.4096159602595202 2.4702309236843685 -0.4096159602595202 -0.40482045237636805 -0.40482045237636805 -0.41913682214245473 -0.40482045237636805 
0.0 1.008484252428819 -0.5153171473105767 -0.4672328194051876 -0.21789265652141437 0.15594951374582947 -0.1303845381550671 -0.4096159602595202 -0.40482045237636805 -0.4096159602595202 -0.40482045237636805 -0.40482045237636805 2.385855756810896 -0.40482045237636805 
0.0 1.008484252428819 -0.40116669074528016 -0.2129100543066391 -0.04768694502993914 0.11789837910355169 -0.5149084303411969 -0.4096159602595202 -0.40482045237636805 -0.4096159602595202 -0.40482045237636805 -0.40482045237636805 -0.41913682214245473 2.4702309236843685 
0.0 1.008484252428819 -0.28701623417998373 -0.04336154424094008 0.2927244779530113 0.07984724446127393 -0.19447185351942206 -0.4096159602595202 -0.40482045237636805 -0.4096159602595202 -0.40482045237636805 2.4702309236843685 -0.41913682214245473 -0.40482045237636805 
0.0 1.008484252428819 -0.1728657776146873 0.29573547589045796 -0.21789265652141437 0.04179610981899616 1.1513617691320326 2.4413111231467406 -0.40482045237636805 -0.4096159602595202 -0.40482045237636805 -0.40482045237636805 -0.41913682214245473 -0.40482045237636805 
0.0 1.008484252428819 -0.05871532104939088 -0.2129100543066391 -0.21789265652141437 0.013257758837287328 -0.8994323225273269 -0.4096159602595202 -0.40482045237636805 2.4413111231467406 -0.40482045237636805 -0.40482045237636805 -0.41913682214245473 -0.40482045237636805 
0.0 1.008484252428819 0.05543513551590555 -0.2129100543066391 -0.04768694502993914 -0.02479337580499044 -1.283956214713457 -0.4096159602595202 -0.40482045237636805 -0.4096159602595202 2.4702309236843685 -0.40482045237636805 -0.41913682214245473 -0.40482045237636805 
0.0 1.008484252428819 0.16958559208120197 -0.04336154424094008 -0.21789265652141437 -0.0628445104472682 0.12596472330235287 -0.4096159602595202 2.4702309236843685 -0.4096159602595202 -0.40482045237636805 -0.40482045237636805 -0.41913682214245473 -0.40482045237636805 
0.0 1.008484252428819 0.28373604864649843 -0.2129100543066391 -0.21789265652141437 -0.09138286142897704 -0.450821114976842 -0.4096159602595202 -0.40482045237636805 -0.4096159602595202 -0.40482045237636805 -0.40482045237636805 2.385855756810896 -0.40482045237636805 
0.0 1.008484252428819 0.39788650521179486 -0.2129100543066391 -0.13278980077567676 -0.1294339960712548 -1.2198688993491018 -0.4096159602595202 -0.40482045237636805 -0.4096159602595202 -0.40482045237636805 -0.40482045237636805 -0.41913682214245473 2.4702309236843685 
0.0 1.008484252428819 0.5120369617770912 -0.1281357992737896 -0.3880983680128896 -0.15797234705296295 -1.0916942686203919 -0.4096159602595202 -0.40482045237636805 -0.4096159602595202 -0.40482045237636805 2.4702309236843685 -0.41913682214245473 -0.40482045237636805 
0.0 1.008484252428819 0.6261874183423877 -0.3824585643723381 -0.04768694502993914 -0.1865106980346718 -1.0276069532560368 2.4413111231467406 -0.40482045237636805 -0.4096159602595202 -0.40482045237636805 -0.40482045237636805 -0.41913682214245473 -0.40482045237636805 
0.0 1.008484252428819 0.7403378749076841 -0.04336154424094008 -0.302995512267152 -0.22456183267694957 -1.0276069532560368 -0.4096159602595202 -0.40482045237636805 2.4413111231467406 -0.40482045237636805 -0.40482045237636805 -0.41913682214245473 -0.40482045237636805 
0.0 1.008484252428819 0.8544883314729805 -0.2976843093394886 -0.04768694502993914 -0.2531001836586577 0.44640130012412776 -0.4096159602595202 -0.40482045237636805 -0.4096159602595202 2.4702309236843685 -0.40482045237636805 -0.41913682214245473 -0.40482045237636805 
0.0 1.008484252428819 0.968638788038277 -0.04336154424094008 -0.04768694502993914 -0.28163853464036653 0.6386632462171927 -0.4096159602595202 2.4702309236843685 -0.4096159602595202 -0.40482045237636805 -0.40482045237636805 -0.41913682214245473 -0.40482045237636805 
0.0 1.008484252428819 1.0827892446035734 -0.04336154424094008 -0.13278980077567676 -0.3101768856220747 0.6386632462171927 -0.4096159602595202 -0.40482045237636805 -0.4096159602595202 -0.40482045237636805 -0.40482045237636805 2.385855756810896 -0.40482045237636805 
0.0 1.008484252428819 1.1969397011688698 -0.1281357992737896 0.2076216222072737 -0.3387152366037829 -1.2198688993491018 -0.4096159602595202 -0.40482045237636805 -0.4096159602595202 -0.40482045237636805 -0.40482045237636805 -0.41913682214245473 2.4702309236843685 
0.0 1.008484252428819 1.3110901577341663 0.21096122085760843 -0.3880983680128896 -0.3672535875854917 -1.3480435300778117 -0.4096159602595202 -0.40482045237636805 -0.4096159602595202 -0.40482045237636805 2.4702309236843685 -0.41913682214245473 -0.40482045237636805 
0.0 1.008484252428819 1.4252406142994627 -0.3824585643723381 -0.21789265652141437 -0.39579193856719985 -0.5149084303411969 2.4413111231467406 -0.40482045237636805 -0.4096159602595202 -0.40482045237636805 -0.40482045237636805 -0.41913682214245473 -0.40482045237636805 
0.0 1.008484252428819 1.5393910708647591 -0.2129100543066391 0.2076216222072737 -0.42433028954890867 0.3182266693954178 -0.4096159602595202 -0.40482045237636805 2.4413111231467406 -0.40482045237636805 -0.40482045237636805 -0.41913682214245473 -0.40482045237636805 
0.0 1.008484252428819 1.767691983995352 0.21096122085760843 0.46293018944448655 -0.47189420785175606 0.12596472330235287 -0.4096159602595202 2.4702309236843685 -0.4096159602595202 -0.40482045237636805 -0.40482045237636805 -0.41913682214245473 -0.40482045237636805 
0.0 1.2947424252226436 -1.656821712963541 0.46528398595615694 -0.302995512267152 -0.5004325588334643 0.06187740793799787 -0.4096159602595202 -0.40482045237636805 -0.4096159602595202 -0.40482045237636805 -0.40482045237636805 2.385855756810896 -0.40482045237636805 
0.0 1.2947424252226436 -1.5426712563982445 -0.2976843093394886 -0.4732012237586272 -0.5289709098151724 0.6386632462171927 -0.4096159602595202 -0.40482045237636805 -0.4096159602595202 -0.40482045237636805 -0.40482045237636805 -0.41913682214245473 2.4702309236843685 
0.0 1.2947424252226436 -1.428520799832948 -0.4672328194051876 -0.4732012237586272 -0.5575092607968812 -1.6043927915352316 -0.4096159602595202 -0.40482045237636805 -0.4096159602595202 -0.40482045237636805 2.4702309236843685 -0.41913682214245473 -0.40482045237636805 
0.0 1.2947424252226436 -1.3143703432676517 -0.4672328194051876 0.2076216222072737 -0.5765348281180197 -1.4121308454421668 2.4413111231467406 -0.40482045237636805 -0.4096159602595202 -0.40482045237636805 -0.40482045237636805 -0.41913682214245473 -0.40482045237636805 
0.0 1.2947424252226436 -1.2002198867023552 0.21096122085760843 0.2076216222072737 -0.6050731790997286 -1.2198688993491018 -0.4096159602595202 -0.40482045237636805 2.4413111231467406 -0.40482045237636805 -0.40482045237636805 -0.41913682214245473 -0.40482045237636805 
0.0 1.2947424252226436 -1.0860694301370588 0.21096122085760843 -0.3880983680128896 -0.6240987464208672 0.7027505615815477 -0.4096159602595202 -0.40482045237636805 -0.4096159602595202 2.4702309236843685 -0.40482045237636805 -0.41913682214245473 -0.40482045237636805 
0.0 1.2947424252226436 -0.9719189735717624 -0.3824585643723381 -0.13278980077567676 -0.6526370974025759 -1.6043927915352316 -0.4096159602595202 2.4702309236843685 -0.4096159602595202 -0.40482045237636805 -0.40482045237636805 -0.41913682214245473 -0.40482045237636805 
0.0 1.2947424252226436 -0.857768517006466 -0.1281357992737896 0.03741591071579848 -0.6716626647237145 -0.707170376434262 -0.4096159602595202 -0.40482045237636805 -0.4096159602595202 -0.40482045237636805 -0.40482045237636805 2.385855756810896 -0.40482045237636805 
0.0 1.2947424252226436 -0.7436180604411695 0.041412710791909425 0.7182387566816995 -0.7002010157054234 -1.1557815839847467 -0.4096159602595202 -0.40482045237636805 -0.4096159602595202 -0.40482045237636805 -0.40482045237636805 -0.41913682214245473 2.4702309236843685 
0.0 1.2947424252226436 -0.6294676038758731 0.7196067510547055 0.2076216222072737 -0.7192265830265618 -1.4121308454421668 -0.4096159602595202 -0.40482045237636805 -0.4096159602595202 -0.40482045237636805 2.4702309236843685 -0.41913682214245473 -0.40482045237636805 
0.0 1.2947424252226436 -0.5153171473105767 0.21096122085760843 0.1225187664615361 -0.7477649340082707 -0.322646484248132 2.4413111231467406 -0.40482045237636805 -0.4096159602595202 -0.40482045237636805 -0.40482045237636805 -0.41913682214245473 -0.40482045237636805 
0.0 1.2947424252226436 -0.40116669074528016 0.12618696582475894 0.03741591071579848 -0.7667905013294093 0.19005203866670783 -0.4096159602595202 -0.40482045237636805 2.4413111231467406 -0.40482045237636805 -0.40482045237636805 -0.41913682214245473 -0.40482045237636805 
0.0 1.2947424252226436 -0.28701623417998373 0.041412710791909425 -0.302995512267152 -0.795328852311118 0.2541393540310628 -0.4096159602595202 -0.40482045237636805 -0.4096159602595202 2.4702309236843685 -0.40482045237636805 -0.41913682214245473 -0.40482045237636805 
0.0 1.2947424252226436 -0.1728657776146873 -0.2976843093394886 -0.6434069352501025 -0.8143544196322566 -1.1557815839847467 -0.4096159602595202 2.4702309236843685 -0.4096159602595202 -0.40482045237636805 -0.40482045237636805 -0.41913682214245473 -0.40482045237636805 
0.0 1.2947424252226436 -0.05871532104939088 -0.6367813294708866 -0.4732012237586272 -0.8333799869533959 -0.8994323225273269 -0.4096159602595202 -0.40482045237636805 -0.4096159602595202 -0.40482045237636805 -0.40482045237636805 2.385855756810896 -0.40482045237636805 
0.0 1.2947424252226436 0.05543513551590555 -0.4672328194051876 -0.6434069352501025 -0.861918337935104 -1.6684801068995867 -0.4096159602595202 -0.40482045237636805 -0.4096159602595202 -0.40482045237636805 -0.40482045237636805 -0.41913682214245473 2.4702309236843685 
0.0 1.2947424252226436 0.16958559208120197 -0.6367813294708866 -1.0689212139787905 -0.8809439052562432 -0.19447185351942206 -0.4096159602595202 -0.40482045237636805 -0.4096159602595202 -0.40482045237636805 2.4702309236843685 -0.41913682214245473 -0.40482045237636805 
0.0 1.2947424252226436 0.28373604864649843 -1.060652604635134 -0.8987155024873154 -0.8999694725773825 -1.6043927915352316 2.4413111231467406 -0.40482045237636805 -0.4096159602595202 -0.40482045237636805 -0.40482045237636805 -0.41913682214245473 -0.40482045237636805 
0.0 1.2947424252226436 0.39788650521179486 -0.8911040945694352 -0.6434069352501025 -0.9285078235590906 -0.25855916888377706 -0.4096159602595202 -0.40482045237636805 2.4413111231467406 -0.40482045237636805 -0.40482045237636805 -0.41913682214245473 -0.40482045237636805 
0.0 1.2947424252226436 0.5120369617770912 -0.6367813294708866 -0.4732012237586272 -0.9475333908802298 -1.9248293683570066 -0.4096159602595202 -0.40482045237636805 -0.4096159602595202 2.4702309236843685 -0.40482045237636805 -0.41913682214245473 -0.40482045237636805 
0.0 1.2947424252226436 0.6261874183423877 -0.4672328194051876 -0.6434069352501025 -0.976071741861938 0.44640130012412776 -0.4096159602595202 2.4702309236843685 -0.4096159602595202 -0.40482045237636805 -0.40482045237636805 -0.41913682214245473 -0.40482045237636805 
0.0 1.2947424252226436 0.7403378749076841 -0.6367813294708866 -0.7285097909958401 -0.9950973091830773 -0.1303845381550671 -0.4096159602595202 -0.40482045237636805 -0.4096159602595202 -0.40482045237636805 -0.40482045237636805 2.385855756810896 -0.40482045237636805 
0.0 1.2947424252226436 0.8544883314729805 -0.7215555845037361 -0.7285097909958401 -1.0141228765042158 -1.4121308454421668 -0.4096159602595202 -0.40482045237636805 -0.4096159602595202 -0.40482045237636805 -0.40482045237636805 -0.41913682214245473 2.4702309236843685 
0.0 1.2947424252226436 0.968638788038277 -0.7215555845037361 -1.154024069724528 -1.033148443825355 -1.9889166837213617 -0.4096159602595202 -0.40482045237636805 -0.4096159602595202 -0.40482045237636805 2.4702309236843685 -0.41913682214245473 -0.40482045237636805 
0.0 1.2947424252226436 1.0827892446035734 -1.1454268596679837 -0.8987155024873154 -1.0616867948070632 -1.2198688993491018 2.4413111231467406 -0.40482045237636805 -0.4096159602595202 -0.40482045237636805 -0.40482045237636805 -0.41913682214245473 -0.40482045237636805 
0.0 1.2947424252226436 1.1969397011688698 -0.8911040945694352 -0.8987155024873154 -1.0807123621282024 -0.1303845381550671 -0.4096159602595202 -0.40482045237636805 2.4413111231467406 -0.40482045237636805 -0.40482045237636805 -0.41913682214245473 -0.40482045237636805 
0.0 1.2947424252226436 1.3110901577341663 -0.8911040945694352 -0.8136126467415777 -1.099737929449341 -0.450821114976842 -0.4096159602595202 -0.40482045237636805 -0.4096159602595202 2.4702309236843685 -0.40482045237636805 -0.41913682214245473 -0.40482045237636805 
0.0 1.2947424252226436 1.4252406142994627 -0.8063298395365857 -1.2391269254702657 -1.11876349677048 -1.0276069532560368 -0.4096159602595202 2.4702309236843685 -0.4096159602595202 -0.40482045237636805 -0.40482045237636805 -0.41913682214245473 -0.40482045237636805 
0.0 1.2947424252226436 1.5393910708647591 -1.2302011147008332 -0.8987155024873154 -1.1377890640916193 -0.643083061069907 -0.4096159602595202 -0.40482045237636805 -0.4096159602595202 -0.40482045237636805 -0.40482045237636805 2.385855756810896 -0.40482045237636805 
0.0 1.2947424252226436 1.6535415274300556 -0.8911040945694352 -0.8987155024873154 -1.1568146314127579 -1.0276069532560368 -0.4096159602595202 -0.40482045237636805 -0.4096159602595202 -0.40482045237636805 -0.40482045237636805 -0.41913682214245473 2.4702309236843685 
0.0 1.5810005980164683 -1.656821712963541 -0.8911040945694352 -0.8987155024873154 -1.1758401987338971 -1.3480435300778117 -0.4096159602595202 -0.40482045237636805 -0.4096159602595202 -0.40482045237636805 2.4702309236843685 -0.41913682214245473 -0.40482045237636805 
0.0 1.5810005980164683 -1.5426712563982445 -0.8911040945694352 -1.409332636961741 -1.1948657660550357 -1.2198688993491018 2.4413111231467406 -0.40482045237636805 -0.4096159602595202 -0.40482045237636805 -0.40482045237636805 -0.41913682214245473 -0.40482045237636805 
0.0 1.5810005980164683 -1.428520799832948 -1.3997496247665322 -1.0689212139787905 -1.213891333376175 -0.1303845381550671 -0.4096159602595202 -0.40482045237636805 2.4413111231467406 -0.40482045237636805 -0.40482045237636805 -0.41913682214245473 -0.40482045237636805 
0.0 1.5810005980164683 -1.3143703432676517 -1.060652604635134 -1.154024069724528 -1.2329169006973142 -0.450821114976842 -0.4096159602595202 -0.40482045237636805 -0.4096159602595202 2.4702309236843685 -0.40482045237636805 -0.41913682214245473 -0.40482045237636805 
0.0 1.5810005980164683 -1.2002198867023552 -1.1454268596679837 -1.409332636961741 -1.2519424680184525 0.3182266693954178 -0.4096159602595202 2.4702309236843685 -0.4096159602595202 -0.40482045237636805 -0.40482045237636805 -0.41913682214245473 -0.40482045237636805 
0.0 1.5810005980164683 -1.0860694301370588 -1.3997496247665322 -1.9199497714361669 -1.2709680353395918 -0.25855916888377706 -0.4096159602595202 -0.40482045237636805 -0.4096159602595202 -0.40482045237636805 -0.40482045237636805 2.385855756810896 -0.40482045237636805 
0.0 1.5810005980164683 -0.9719189735717624 -1.9083951549636293 -1.7497440599446916 -1.2804808190001615 0.12596472330235287 -0.4096159602595202 -0.40482045237636805 -0.4096159602595202 -0.40482045237636805 -0.40482045237636805 -0.41913682214245473 2.4702309236843685 
0.0 1.5810005980164683 -0.857768517006466 -1.7388466448979303 -1.9199497714361669 -1.2995063863213 -1.5403054761708768 -0.4096159602595202 -0.40482045237636805 -0.4096159602595202 -0.40482045237636805 2.4702309236843685 -0.41913682214245473 -0.40482045237636805 
0.0 1.5810005980164683 -0.7436180604411695 -1.9083951549636293 -1.8348469156904292 -1.3090191699818696 -0.386733799612487 2.4413111231467406 -0.40482045237636805 -0.4096159602595202 -0.40482045237636805 -0.40482045237636805 -0.41913682214245473 -0.40482045237636805 
0.0 1.5810005980164683 -0.6294676038758731 -1.8236208999307797 -2.2603611944191173 -1.3185319536424394 0.3182266693954178 -0.4096159602595202 -0.40482045237636805 2.4413111231467406 -0.40482045237636805 -0.40482045237636805 -0.41913682214245473 -0.40482045237636805 
0.0 1.5810005980164683 -0.5153171473105767 -2.247492175095027 -1.5795383484532164 -1.3375575209635777 -1.6043927915352316 -0.4096159602595202 -0.40482045237636805 -0.4096159602595202 2.4702309236843685 -0.40482045237636805 -0.41913682214245473 -0.40482045237636805 
0.0 1.5810005980164683 -0.40116669074528016 -1.5692981348322312 -1.5795383484532164 -1.3470703046241475 -1.1557815839847467 -0.4096159602595202 2.4702309236843685 -0.4096159602595202 -0.40482045237636805 -0.40482045237636805 -0.41913682214245473 -0.40482045237636805 
0.0 1.5810005980164683 -0.28701623417998373 -1.5692981348322312 -1.664641204198954 -1.356583088284717 -0.8994323225273269 -0.4096159602595202 -0.40482045237636805 -0.4096159602595202 -0.40482045237636805 -0.40482045237636805 2.385855756810896 -0.40482045237636805 
0.0 1.5810005980164683 -0.1728657776146873 -1.6540723898650807 -1.9199497714361669 -1.3660958719452867 -0.707170376434262 -0.4096159602595202 -0.40482045237636805 -0.4096159602595202 -0.40482045237636805 -0.40482045237636805 -0.41913682214245473 2.4702309236843685 
0.0 1.5810005980164683 -0.05871532104939088 -1.9083951549636293 -2.0050526271819042 -1.3756086556058562 -0.8994323225273269 -0.4096159602595202 -0.40482045237636805 -0.4096159602595202 -0.40482045237636805 2.4702309236843685 -0.41913682214245473 -0.40482045237636805 
0.0 1.5810005980164683 0.05543513551590555 -1.9931694099964787 -2.0050526271819042 -1.3756086556058562 -1.3480435300778117 2.4413111231467406 -0.40482045237636805 -0.4096159602595202 -0.40482045237636805 -0.40482045237636805 -0.41913682214245473 -0.40482045237636805 
0.0 1.5810005980164683 0.16958559208120197 -1.9931694099964787 -2.3454640501648547 -1.3851214392664253 -1.4121308454421668 -0.4096159602595202 -0.40482045237636805 2.4413111231467406 -0.40482045237636805 -0.40482045237636805 -0.41913682214245473 -0.40482045237636805 
0.0 1.5810005980164683 0.28373604864649843 -2.3322664301278766 -2.3454640501648547 -1.3851214392664253 -1.5403054761708768 -0.4096159602595202 -0.40482045237636805 -0.4096159602595202 2.4702309236843685 -0.40482045237636805 -0.41913682214245473 -0.40482045237636805 
0.0 1.5810005980164683 0.39788650521179486 -2.3322664301278766 -2.0050526271819042 -1.3946342229269948 -0.578995745705552 -0.4096159602595202 2.4702309236843685 -0.4096159602595202 -0.40482045237636805 -0.40482045237636805 -0.41913682214245473 -0.40482045237636805 
0.0 1.5810005980164683 0.5120369617770912 -1.9931694099964787 -1.409332636961741 -1.3946342229269948 0.12596472330235287 -0.4096159602595202 -0.40482045237636805 -0.4096159602595202 -0.40482045237636805 -0.40482045237636805 2.385855756810896 -0.40482045237636805 
0.0 1.5810005980164683 0.6261874183423877 -1.3997496247665322 -0.983818358233053 -1.3946342229269948 -1.3480435300778117 -0.4096159602595202 -0.40482045237636805 -0.4096159602595202 -0.40482045237636805 -0.40482045237636805 -0.41913682214245473 2.4702309236843685 
0.0 1.5810005980164683 0.7403378749076841 -0.9758783496022847 -1.154024069724528 -1.3946342229269948 -1.4121308454421668 -0.4096159602595202 -0.40482045237636805 -0.4096159602595202 -0.40482045237636805 2.4702309236843685 -0.41913682214245473 -0.40482045237636805 
0.0 1.5810005980164683 0.8544883314729805 -1.1454268596679837 -1.4944354927074786 -1.3946342229269948 -1.6043927915352316 2.4413111231467406 -0.40482045237636805 -0.4096159602595202 -0.40482045237636805 -0.40482045237636805 -0.41913682214245473 -0.40482045237636805 
0.0 1.5810005980164683 0.968638788038277 -1.4845238797993818 -1.9199497714361669 -1.3946342229269948 -1.3480435300778117 -0.4096159602595202 -0.40482045237636805 2.4413111231467406 -0.40482045237636805 -0.40482045237636805 -0.41913682214245473 -0.40482045237636805 
0.0 1.5810005980164683 1.0827892446035734 -1.9083951549636293 -1.8348469156904292 -1.3946342229269948 -1.8607420529926517 -0.4096159602595202 -0.40482045237636805 -0.4096159602595202 2.4702309236843685 -0.40482045237636805 -0.41913682214245473 -0.40482045237636805 
0.0 1.5810005980164683 1.1969397011688698 -1.8236208999307797 -1.7497440599446916 -1.3851214392664253 -0.1303845381550671 -0.4096159602595202 2.4702309236843685 -0.4096159602595202 -0.40482045237636805 -0.40482045237636805 -0.41913682214245473 -0.40482045237636805 
0.0 1.5810005980164683 1.3110901577341663 -1.7388466448979303 -1.7497440599446916 -1.3851214392664253 -0.8353450071629719 -0.4096159602595202 -0.40482045237636805 -0.4096159602595202 -0.40482045237636805 -0.40482045237636805 2.385855756810896 -0.40482045237636805 
0.0 1.5810005980164683 1.4252406142994627 -1.7388466448979303 -1.3242297812160033 -1.3756086556058562 -0.1303845381550671 -0.4096159602595202 -0.40482045237636805 -0.4096159602595202 -0.40482045237636805 -0.40482045237636805 -0.41913682214245473 2.4702309236843685 
0.0 1.5810005980164683 1.5393910708647591 -1.3149753697336828 -1.2391269254702657 -1.3756086556058562 0.3182266693954178 -0.4096159602595202 -0.40482045237636805 -0.4096159602595202 -0.40482045237636805 2.4702309236843685 -0.41913682214245473 -0.40482045237636805 
0.0 1.5810005980164683 1.6535415274300556 -1.2302011147008332 -1.2391269254702657 -1.3660958719452867 -1.1557815839847467 2.4413111231467406 -0.40482045237636805 -0.4096159602595202 -0.40482045237636805 -0.40482045237636805 -0.41913682214245473 -0.40482045237636805 
0.0 1.5810005980164683 1.767691983995352 -1.2302011147008332 -0.4732012237586272 -1.356583088284717 -0.19447185351942206 -0.4096159602595202 -0.40482045237636805 2.4413111231467406 -0.40482045237636805 -0.40482045237636805 -0.41913682214245473 -0.40482045237636805 
