      0/19      1.4G   0.08323   0.04002   0.05083    0.1741         4       640    0.1667  0.009804   0.03121   0.01058   0.06073   0.02265   0.03663
      1/19     1.64G   0.06201   0.04132     0.037    0.1403         5       640    0.3034    0.3252    0.2785   0.07844   0.04599   0.01962   0.01949
      2/19     1.64G    0.0573   0.03666   0.02198    0.1159         5       640     0.252    0.4063    0.2611   0.09036   0.05036   0.01986   0.01018
      3/19     1.64G   0.05772   0.03463   0.01595    0.1083         4       640     0.207    0.4505    0.3621    0.1215   0.04916    0.0174  0.005806
      4/19     1.64G   0.05522   0.03553   0.01302    0.1038         7       640    0.2645    0.4121    0.3046   0.08976   0.05036   0.01823   0.01035
      5/19     1.64G   0.05051   0.03675   0.01265   0.09991         5       640    0.1265    0.2358    0.1472   0.03474   0.05858   0.02196   0.02128
      6/19     1.64G   0.04885   0.03586   0.01121   0.09592         3       640    0.1863    0.5149    0.4188    0.1717    0.0499   0.01822  0.004912
      7/19     1.64G   0.04753    0.0358  0.009657   0.09298         7       640    0.3585    0.6511      0.59    0.2696    0.0368   0.01664  0.001453
      8/19     1.64G   0.04602   0.03584  0.008849   0.09071        11       640    0.4179    0.6604    0.6247    0.2565   0.03575   0.01729  0.002002
      9/19     1.64G   0.04497   0.03461   0.00775   0.08733        11       640    0.4946    0.5819    0.5897    0.2683    0.0347   0.01643  0.001598
     10/19     1.64G   0.04185   0.03373  0.007204   0.08279         4       640    0.4844    0.5497    0.6104    0.2565   0.03675   0.01597  0.001511
     11/19     1.64G    0.0412   0.03507  0.006717   0.08299        12       640     0.535    0.7942    0.7702    0.3331   0.03196   0.01657  0.001124
     12/19     1.64G   0.04085   0.03436  0.006579   0.08179        11       640    0.4854    0.6546    0.6535    0.2731   0.03295   0.01597  0.001218
     13/19     1.64G    0.0399   0.03407  0.005013   0.07899        11       640    0.5188    0.7027    0.6358    0.2562    0.0297   0.01705  0.001212
     14/19     1.64G   0.03875   0.03311  0.004477   0.07633         5       640     0.548    0.8156    0.7139    0.3342   0.02997     0.015 0.0008584
     15/19     1.64G   0.03828   0.03387  0.004355   0.07651         2       640    0.4919    0.8463    0.7077     0.315   0.02944    0.0153 0.0009913
     16/19     1.64G   0.03722   0.03318  0.003849   0.07424        11       640    0.5078    0.7667     0.673     0.286   0.03119   0.01597 0.0008083
     17/19     1.64G   0.03668   0.03272  0.003854   0.07325        12       640    0.4405    0.7329    0.6686    0.3045   0.03049    0.0166 0.0009122
     18/19     1.64G   0.03576   0.03213  0.003669   0.07156         5       640    0.4503    0.7689    0.7248    0.3617   0.02994   0.01501 0.0009839
     19/19     1.64G   0.03617   0.03257  0.003282   0.07202         6       640     0.469    0.7164    0.6937    0.3746    0.0291   0.01496 0.0008076
